object={
	name="steppe_bush_01_generator_0"
	clamp_to_water_level=no
	render_under_water=no
	generated_content=yes
	layer="grass_layer"
	pdxmesh="steppe_bush_01_mesh"
	count=102
	transform="3315.298584 0.000000 36.834393 0.000000 0.890753 0.000000 0.454487 0.424617 0.424617 0.424617
3322.012451 0.000000 13.525491 0.000000 0.178489 0.000000 0.983942 0.277692 0.277692 0.277692
3322.871338 0.000000 26.593025 0.000000 0.297532 0.000000 0.954712 0.297290 0.297290 0.297290
3309.245117 0.000000 52.455265 0.000000 0.004335 0.000000 0.999991 0.249712 0.249712 0.249712
3324.152832 0.000000 60.720715 0.000000 0.711108 0.000000 -0.703083 0.624584 0.624584 0.624584
3324.059326 0.000000 43.809448 0.000000 0.876858 0.000000 -0.480750 0.580131 0.580131 0.580131
3313.963623 0.000000 60.392471 0.000000 0.967417 0.000000 -0.253190 0.540900 0.540900 0.540900
3318.655029 0.000000 64.736610 0.000000 0.712668 0.000000 -0.701501 0.624229 0.624229 0.624229
3322.012451 0.000000 77.509865 0.000000 0.262533 0.000000 -0.964923 0.708536 0.708536 0.708536
3322.871338 0.000000 90.577400 0.000000 0.872627 0.000000 0.488387 0.418474 0.418474 0.418474
3382.647217 0.000000 0.752235 0.000000 0.600427 0.000000 0.799680 0.351923 0.351923 0.351923
3338.975586 0.000000 0.786879 0.000000 0.999301 0.000000 0.037382 0.494026 0.494026 0.494026
3333.155518 0.000000 58.556023 0.000000 0.500763 0.000000 0.865584 0.332821 0.332821 0.332821
3344.660400 0.000000 17.417576 0.000000 0.934234 0.000000 0.356660 0.441730 0.441730 0.441730
3335.760986 0.000000 29.324413 0.000000 0.804017 0.000000 0.594606 0.398257 0.398257 0.398257
3344.034912 0.000000 45.358074 0.000000 0.036983 0.000000 0.999316 0.253973 0.253973 0.253973
3370.579102 0.000000 7.946647 0.000000 0.822365 0.000000 -0.568961 0.596705 0.596705 0.596705
3361.383057 0.000000 20.911964 0.000000 0.533868 0.000000 0.845568 0.338373 0.338373 0.338373
3386.004639 0.000000 13.525491 0.000000 0.983115 0.000000 0.182989 0.470482 0.470482 0.470482
3364.941895 0.000000 33.130428 0.000000 0.144050 0.000000 0.989570 0.271226 0.271226 0.271226
3386.863525 0.000000 26.593025 0.000000 0.769826 0.000000 0.638254 0.388964 0.388964 0.388964
3327.966553 0.000000 3.293119 0.000000 0.626813 0.000000 -0.779170 0.642737 0.642737 0.642737
3354.563477 0.000000 41.805489 0.000000 0.988826 0.000000 0.149075 0.475998 0.475998 0.475998
3358.908691 0.000000 55.933792 0.000000 0.688995 0.000000 -0.724766 0.630038 0.630038 0.630038
3373.237305 0.000000 52.455265 0.000000 0.220501 0.000000 0.975387 0.283701 0.283701 0.283701
3363.089844 0.000000 0.562499 0.000000 0.999945 0.000000 -0.010478 0.501674 0.501674 0.501674
3337.269287 0.000000 10.245461 0.000000 0.978191 0.000000 0.207708 0.466569 0.466569 0.466569
3349.168457 0.000000 0.354021 0.000000 0.568447 0.000000 0.822720 0.345625 0.345625 0.345625
3388.145020 0.000000 60.720715 0.000000 0.825306 0.000000 0.564685 0.403750 0.403750 0.403750
3388.051514 0.000000 43.809448 0.000000 0.845233 0.000000 0.534398 0.409565 0.409565 0.409565
3377.955811 0.000000 60.392471 0.000000 0.999041 0.000000 0.043786 0.492974 0.492974 0.492974
3352.609131 0.000000 22.332178 0.000000 0.940037 0.000000 0.341073 0.444170 0.444170 0.444170
3351.264893 0.000000 50.415565 0.000000 0.695863 0.000000 0.718174 0.371489 0.371489 0.371489
3373.483154 0.000000 43.300587 0.000000 0.048440 0.000000 -0.998826 0.744188 0.744188 0.744188
3377.352783 0.000000 13.481738 0.000000 0.262511 0.000000 -0.964929 0.709354 0.709354 0.709354
3369.135498 0.000000 16.412149 0.000000 0.120785 0.000000 0.992679 0.267461 0.267461 0.267461
3373.731689 0.000000 30.286385 0.000000 0.388476 0.000000 0.921459 0.312036 0.312036 0.312036
3358.527588 0.000000 28.259392 0.000000 0.990489 0.000000 0.137594 0.477859 0.477859 0.477859
3367.521729 0.000000 25.583717 0.000000 0.697030 0.000000 -0.717042 0.628250 0.628250 0.628250
3388.864014 0.000000 36.151897 0.000000 0.444772 0.000000 -0.895644 0.678028 0.678028 0.678028
3347.219238 0.000000 38.219299 0.000000 0.654444 0.000000 -0.756111 0.637522 0.637522 0.637522
3380.267334 0.000000 46.319294 0.000000 0.894653 0.000000 0.446761 0.425710 0.425710 0.425710
3382.965576 0.000000 20.526281 0.000000 0.640946 0.000000 -0.767586 0.640363 0.640363 0.640363
3356.098145 0.000000 62.973320 0.000000 0.908300 0.000000 -0.418319 0.569229 0.569229 0.569229
3358.309814 0.000000 35.808754 0.000000 0.817493 0.000000 0.575938 0.401552 0.401552 0.401552
3358.292725 0.000000 48.667145 0.000000 0.094859 0.000000 -0.995491 0.736722 0.736722 0.736722
3367.441162 0.000000 39.439121 0.000000 0.229598 0.000000 0.973285 0.285199 0.285199 0.285199
3381.113281 0.000000 30.222923 0.000000 0.596619 0.000000 0.802525 0.350582 0.350582 0.350582
3366.545898 0.000000 52.388496 0.000000 0.685563 0.000000 -0.728013 0.630796 0.630796 0.630796
3428.791016 0.000000 45.917629 0.000000 0.636798 0.000000 -0.771031 0.640679 0.640679 0.640679
3402.967773 0.000000 0.786879 0.000000 0.965550 0.000000 0.260217 0.457939 0.457939 0.457939
3443.282959 0.000000 36.834393 0.000000 0.817681 0.000000 -0.575672 0.598013 0.598013 0.598013
3431.907715 0.000000 61.940636 0.000000 0.989604 0.000000 -0.143819 0.523059 0.523059 0.523059
3408.652588 0.000000 17.417576 0.000000 0.207330 0.000000 0.978271 0.282389 0.282389 0.282389
3408.027100 0.000000 45.358074 0.000000 0.941352 0.000000 -0.337425 0.555208 0.555208 0.555208
3425.375244 0.000000 20.911964 0.000000 0.185543 0.000000 0.982636 0.278838 0.278838 0.278838
3428.934082 0.000000 33.130428 0.000000 0.872010 0.000000 0.489487 0.418273 0.418273 0.418273
3391.958740 0.000000 3.293119 0.000000 0.909712 0.000000 0.415240 0.431581 0.431581 0.431581
3418.555664 0.000000 41.805489 0.000000 0.947654 0.000000 -0.319299 0.551926 0.551926 0.551926
3422.900879 0.000000 55.933792 0.000000 0.191527 0.000000 -0.981487 0.720188 0.720188 0.720188
3437.229492 0.000000 52.455265 0.000000 0.896709 0.000000 0.442621 0.426738 0.426738 0.426738
3427.082031 0.000000 0.562499 0.000000 0.797355 0.000000 -0.603510 0.603520 0.603520 0.603520
3401.261475 0.000000 10.245461 0.000000 0.840005 0.000000 -0.542579 0.591634 0.591634 0.591634
3413.160645 0.000000 0.354021 0.000000 0.579621 0.000000 0.814886 0.347805 0.347805 0.347805
3441.947998 0.000000 60.392471 0.000000 0.544793 0.000000 -0.838571 0.658925 0.658925 0.658925
3402.958740 0.000000 37.808060 0.000000 0.726630 0.000000 0.687029 0.378512 0.378512 0.378512
3400.147217 0.000000 49.868221 0.000000 0.420021 0.000000 -0.907514 0.682431 0.682431 0.682431
3391.816650 0.000000 24.878559 0.000000 0.280192 0.000000 -0.959944 0.706407 0.706407 0.706407
3392.300049 0.000000 34.165665 0.000000 0.996187 0.000000 0.087242 0.485988 0.485988 0.485988
3400.387451 0.000000 20.328096 0.000000 0.448738 0.000000 0.893663 0.322683 0.322683 0.322683
3392.087158 0.000000 51.116604 0.000000 0.225235 0.000000 0.974304 0.284480 0.284480 0.284480
3405.013672 0.000000 56.448032 0.000000 0.749692 0.000000 -0.661786 0.616003 0.616003 0.616003
3411.211426 0.000000 38.219299 0.000000 0.997694 0.000000 -0.067879 0.510896 0.510896 0.510896
3364.798828 0.000000 109.902008 0.000000 0.764857 0.000000 -0.644200 0.611842 0.611842 0.611842
3338.975586 0.000000 64.771255 0.000000 0.328946 0.000000 0.944349 0.302576 0.302576 0.302576
3379.290771 0.000000 100.818771 0.000000 0.754385 0.000000 0.656432 0.385586 0.385586 0.385586
3344.660400 0.000000 81.401947 0.000000 0.569911 0.000000 0.821706 0.345909 0.345909 0.345909
3335.760986 0.000000 93.308792 0.000000 0.650681 0.000000 -0.759352 0.637780 0.637780 0.637780
3370.579102 0.000000 71.931023 0.000000 0.983355 0.000000 -0.181697 0.529308 0.529308 0.529308
3361.383057 0.000000 84.896339 0.000000 0.984916 0.000000 -0.173033 0.527787 0.527787 0.527787
3386.004639 0.000000 77.509865 0.000000 0.985475 0.000000 -0.169820 0.527372 0.527372 0.527372
3364.941895 0.000000 97.114807 0.000000 0.490672 0.000000 0.871344 0.330964 0.330964 0.330964
3386.863525 0.000000 90.577400 0.000000 0.619701 0.000000 0.784838 0.355810 0.355810 0.355810
3327.966553 0.000000 67.277496 0.000000 0.290436 0.000000 0.956895 0.296104 0.296104 0.296104
3354.563477 0.000000 105.789864 0.000000 0.814994 0.000000 0.579469 0.401244 0.401244 0.401244
3363.089844 0.000000 64.546875 0.000000 0.590548 0.000000 0.807002 0.349372 0.349372 0.349372
3337.269287 0.000000 74.229836 0.000000 0.433783 0.000000 -0.901017 0.679290 0.679290 0.679290
3349.168457 0.000000 64.338394 0.000000 0.997524 0.000000 -0.070327 0.511290 0.511290 0.511290
3388.051514 0.000000 107.793823 0.000000 0.466994 0.000000 0.884260 0.326654 0.326654 0.326654
3377.352783 0.000000 77.466110 0.000000 0.968546 0.000000 0.248834 0.459662 0.459662 0.459662
3363.116699 0.000000 75.129272 0.000000 0.311833 0.000000 -0.950137 0.701093 0.701093 0.701093
3375.144043 0.000000 65.412506 0.000000 0.983098 0.000000 -0.183081 0.529533 0.529533 0.529533
3387.258301 0.000000 70.361893 0.000000 0.267305 0.000000 0.963612 0.291444 0.291444 0.291444
3380.478027 0.000000 71.287613 0.000000 0.869314 0.000000 -0.494260 0.582926 0.582926 0.582926
3408.652588 0.000000 81.401947 0.000000 0.506932 0.000000 -0.861986 0.666038 0.666038 0.666038
3399.753174 0.000000 93.308792 0.000000 0.958098 0.000000 -0.286439 0.546417 0.546417 0.546417
3434.571289 0.000000 71.931023 0.000000 0.639614 0.000000 0.768696 0.359906 0.359906 0.359906
3425.375244 0.000000 84.896339 0.000000 0.866791 0.000000 -0.498671 0.583415 0.583415 0.583415
3391.958740 0.000000 67.277496 0.000000 0.813680 0.000000 0.581313 0.400495 0.400495 0.400495
3427.082031 0.000000 64.546875 0.000000 0.961076 0.000000 0.276285 0.455274 0.455274 0.455274
3401.261475 0.000000 74.229836 0.000000 0.944490 0.000000 -0.328541 0.553487 0.553487 0.553487
3413.160645 0.000000 64.338394 0.000000 0.881450 0.000000 0.472277 0.421409 0.421409 0.421409
"}
