object={
	name="tree_pine_01_a_generator_1_0"
	clamp_to_water_level=no
	render_under_water=no
	generated_content=yes
	layer="tree_high_layer"
	pdxmesh="tree_pine_single_01_a_mesh"
	count=308
	transform="3486.893066 0.000000 759.761902 0.000000 0.730397 0.000000 0.683023 1.000000 1.000000 1.000000
3481.282715 0.000000 759.619995 0.000000 0.860577 0.000000 0.509320 1.000000 1.000000 1.000000
3493.562256 0.000000 761.252991 0.000000 0.534413 0.000000 0.845223 1.000000 1.000000 1.000000
3490.011475 0.000000 755.822998 0.000000 0.861753 0.000000 0.507328 1.000000 1.000000 1.000000
3487.097412 0.000000 756.792725 0.000000 0.520308 0.000000 0.853979 1.000000 1.000000 1.000000
8085.989746 0.000000 415.338104 0.000000 0.844749 0.000000 0.535163 1.000000 1.000000 1.000000
8114.712891 0.000000 420.740631 0.000000 0.117799 0.000000 0.993038 1.000000 1.000000 1.000000
8103.337402 0.000000 445.846893 0.000000 0.678194 0.000000 0.734883 1.000000 1.000000 1.000000
8122.285645 0.000000 410.499268 0.000000 0.735886 0.000000 0.677105 1.000000 1.000000 1.000000
8108.659180 0.000000 436.361511 0.000000 0.707638 0.000000 0.706576 1.000000 1.000000 1.000000
8123.473633 0.000000 427.715698 0.000000 0.625944 0.000000 0.779868 1.000000 1.000000 1.000000
8113.377930 0.000000 444.298706 0.000000 0.732837 0.000000 0.680404 1.000000 1.000000 1.000000
8128.510254 0.000000 399.762695 0.000000 0.495947 0.000000 0.868353 1.000000 1.000000 1.000000
8149.981934 0.000000 415.338104 0.000000 0.865246 0.000000 0.501347 1.000000 1.000000 1.000000
8128.983887 0.000000 426.917633 0.000000 0.799598 0.000000 0.600536 1.000000 1.000000 1.000000
8178.705078 0.000000 420.740631 0.000000 0.626342 0.000000 0.779549 1.000000 1.000000 1.000000
8132.569824 0.000000 442.462280 0.000000 0.338488 0.000000 0.940971 1.000000 1.000000 1.000000
8135.175293 0.000000 413.230652 0.000000 0.326043 0.000000 0.945355 1.000000 1.000000 1.000000
8160.797363 0.000000 404.818207 0.000000 0.617729 0.000000 0.786391 1.000000 1.000000 1.000000
8164.356445 0.000000 417.036682 0.000000 0.333003 0.000000 0.942926 1.000000 1.000000 1.000000
8172.651367 0.000000 436.361511 0.000000 0.375751 0.000000 0.926721 1.000000 1.000000 1.000000
8187.559082 0.000000 444.626953 0.000000 0.237164 0.000000 0.971470 1.000000 1.000000 1.000000
8138.380859 0.000000 421.714294 0.000000 0.533965 0.000000 0.845507 1.000000 1.000000 1.000000
8172.897461 0.000000 427.206848 0.000000 0.714593 0.000000 0.699541 1.000000 1.000000 1.000000
8127.509277 0.000000 435.022858 0.000000 0.802768 0.000000 0.596292 1.000000 1.000000 1.000000
8140.436035 0.000000 440.354279 0.000000 0.378158 0.000000 0.925741 1.000000 1.000000 1.000000
8083.981934 0.000000 506.936890 0.000000 0.092016 0.000000 0.995758 1.000000 1.000000 1.000000
8111.294434 0.000000 469.833954 0.000000 0.846137 0.000000 0.532966 1.000000 1.000000 1.000000
8114.712891 0.000000 484.725006 0.000000 0.047761 0.000000 0.998859 1.000000 1.000000 1.000000
8122.285645 0.000000 474.483643 0.000000 0.761519 0.000000 0.648143 1.000000 1.000000 1.000000
8098.511719 0.000000 448.453125 0.000000 0.576778 0.000000 0.816901 1.000000 1.000000 1.000000
8088.031250 0.000000 470.222809 0.000000 0.416286 0.000000 0.909234 1.000000 1.000000 1.000000
8175.286621 0.000000 469.833954 0.000000 0.607289 0.000000 0.794481 1.000000 1.000000 1.000000
8164.212891 0.000000 493.808258 0.000000 0.752490 0.000000 0.658603 1.000000 1.000000 1.000000
8138.389648 0.000000 448.677490 0.000000 0.790118 0.000000 0.612955 1.000000 1.000000 1.000000
8132.569824 0.000000 506.446655 0.000000 0.120935 0.000000 0.992660 1.000000 1.000000 1.000000
8143.449219 0.000000 493.248688 0.000000 0.212250 0.000000 0.977215 1.000000 1.000000 1.000000
8164.356445 0.000000 481.021057 0.000000 0.133277 0.000000 0.991079 1.000000 1.000000 1.000000
8127.380859 0.000000 451.183746 0.000000 0.278544 0.000000 0.960423 1.000000 1.000000 1.000000
8136.683594 0.000000 458.136078 0.000000 0.633648 0.000000 0.773621 1.000000 1.000000 1.000000
8187.559082 0.000000 508.611328 0.000000 0.751318 0.000000 0.659940 1.000000 1.000000 1.000000
8177.370117 0.000000 508.283081 0.000000 0.064476 0.000000 0.997919 1.000000 1.000000 1.000000
8135.569336 0.000000 497.758850 0.000000 0.158700 0.000000 0.987327 1.000000 1.000000 1.000000
8146.646973 0.000000 456.914246 0.000000 0.545477 0.000000 0.838126 1.000000 1.000000 1.000000
8188.278320 0.000000 484.042511 0.000000 0.830021 0.000000 0.557732 1.000000 1.000000 1.000000
8146.633301 0.000000 486.109924 0.000000 0.529964 0.000000 0.848020 1.000000 1.000000 1.000000
8182.379883 0.000000 468.416901 0.000000 0.555241 0.000000 0.831689 1.000000 1.000000 1.000000
8166.855469 0.000000 487.329742 0.000000 0.434073 0.000000 0.900878 1.000000 1.000000 1.000000
8172.224121 0.000000 484.280151 0.000000 0.631912 0.000000 0.775041 1.000000 1.000000 1.000000
8127.110352 0.000000 508.962219 0.000000 0.045957 0.000000 0.998943 1.000000 1.000000 1.000000
8178.184082 0.000000 502.456116 0.000000 0.218647 0.000000 0.975804 1.000000 1.000000 1.000000
8143.601074 0.000000 451.645355 0.000000 0.132622 0.000000 0.991167 1.000000 1.000000 1.000000
8160.675781 0.000000 488.759216 0.000000 0.809992 0.000000 0.586441 1.000000 1.000000 1.000000
8171.955078 0.000000 506.112366 0.000000 0.183228 0.000000 0.983070 1.000000 1.000000 1.000000
8161.259277 0.000000 509.043640 0.000000 0.348592 0.000000 0.937275 1.000000 1.000000 1.000000
8138.866211 0.000000 463.319214 0.000000 0.253756 0.000000 0.967268 1.000000 1.000000 1.000000
8143.380859 0.000000 510.032043 0.000000 0.119007 0.000000 0.992893 1.000000 1.000000 1.000000
8152.712891 0.000000 503.682495 0.000000 0.109886 0.000000 0.993944 1.000000 1.000000 1.000000
8132.585938 0.000000 511.828308 0.000000 0.118066 0.000000 0.993006 1.000000 1.000000 1.000000
8152.415527 0.000000 484.621307 0.000000 0.581590 0.000000 0.813482 1.000000 1.000000 1.000000
8146.884277 0.000000 469.369446 0.000000 0.119975 0.000000 0.992777 1.000000 1.000000 1.000000
8119.656250 0.000000 564.229126 0.000000 0.340274 0.000000 0.940326 1.000000 1.000000 1.000000
8085.989746 0.000000 543.306885 0.000000 0.330303 0.000000 0.943875 1.000000 1.000000 1.000000
8079.457031 0.000000 557.233093 0.000000 0.743905 0.000000 0.668286 1.000000 1.000000 1.000000
8100.364258 0.000000 545.005432 0.000000 0.720722 0.000000 0.693224 1.000000 1.000000 1.000000
8084.590332 0.000000 512.229004 0.000000 0.820831 0.000000 0.571172 1.000000 1.000000 1.000000
8112.774902 0.000000 525.356750 0.000000 0.227888 0.000000 0.973687 1.000000 1.000000 1.000000
8109.153809 0.000000 542.161377 0.000000 0.843094 0.000000 0.537766 1.000000 1.000000 1.000000
8098.538574 0.000000 523.019897 0.000000 0.371982 0.000000 0.928240 1.000000 1.000000 1.000000
8102.943848 0.000000 537.458740 0.000000 0.710405 0.000000 0.703793 1.000000 1.000000 1.000000
8124.286133 0.000000 548.026917 0.000000 0.480075 0.000000 0.877227 1.000000 1.000000 1.000000
8115.689453 0.000000 558.194275 0.000000 0.096483 0.000000 0.995335 1.000000 1.000000 1.000000
8149.981934 0.000000 543.306885 0.000000 0.652361 0.000000 0.757908 1.000000 1.000000 1.000000
8128.983887 0.000000 554.886353 0.000000 0.600569 0.000000 0.799573 1.000000 1.000000 1.000000
8138.389648 0.000000 512.661865 0.000000 0.372720 0.000000 0.927944 1.000000 1.000000 1.000000
8178.705078 0.000000 548.709412 0.000000 0.401433 0.000000 0.915888 1.000000 1.000000 1.000000
8132.569824 0.000000 570.431030 0.000000 0.317010 0.000000 0.948422 1.000000 1.000000 1.000000
8143.449219 0.000000 557.233093 0.000000 0.850421 0.000000 0.526102 1.000000 1.000000 1.000000
8169.993652 0.000000 519.821655 0.000000 0.330174 0.000000 0.943920 1.000000 1.000000 1.000000
8186.277832 0.000000 538.468018 0.000000 0.567675 0.000000 0.823253 1.000000 1.000000 1.000000
8127.380859 0.000000 515.168091 0.000000 0.165128 0.000000 0.986272 1.000000 1.000000 1.000000
8153.978027 0.000000 553.680481 0.000000 0.432069 0.000000 0.901841 1.000000 1.000000 1.000000
8187.559082 0.000000 572.595703 0.000000 0.428229 0.000000 0.903670 1.000000 1.000000 1.000000
8187.465820 0.000000 555.684448 0.000000 0.085625 0.000000 0.996327 1.000000 1.000000 1.000000
8177.370117 0.000000 572.267456 0.000000 0.578596 0.000000 0.815614 1.000000 1.000000 1.000000
8135.569336 0.000000 561.743225 0.000000 0.343234 0.000000 0.939250 1.000000 1.000000 1.000000
8150.679199 0.000000 562.290588 0.000000 0.414542 0.000000 0.910030 1.000000 1.000000 1.000000
8173.145996 0.000000 542.161377 0.000000 0.854534 0.000000 0.519396 1.000000 1.000000 1.000000
8135.809570 0.000000 532.203125 0.000000 0.181389 0.000000 0.983411 1.000000 1.000000 1.000000
8166.936035 0.000000 537.458740 0.000000 0.747275 0.000000 0.664515 1.000000 1.000000 1.000000
8174.558105 0.000000 513.303101 0.000000 0.107021 0.000000 0.994257 1.000000 1.000000 1.000000
8179.681641 0.000000 558.194275 0.000000 0.505219 0.000000 0.862991 1.000000 1.000000 1.000000
8155.512695 0.000000 574.848328 0.000000 0.557351 0.000000 0.830277 1.000000 1.000000 1.000000
8186.672852 0.000000 518.252502 0.000000 0.796437 0.000000 0.604722 1.000000 1.000000 1.000000
8179.892578 0.000000 519.178223 0.000000 0.432380 0.000000 0.901692 1.000000 1.000000 1.000000
8166.855469 0.000000 551.314148 0.000000 0.011647 0.000000 0.999932 1.000000 1.000000 1.000000
8180.527832 0.000000 542.097900 0.000000 0.391756 0.000000 0.920069 1.000000 1.000000 1.000000
8142.591309 0.000000 544.823914 0.000000 0.111513 0.000000 0.993763 1.000000 1.000000 1.000000
8168.443359 0.000000 513.946228 0.000000 0.630747 0.000000 0.775989 1.000000 1.000000 1.000000
8161.259277 0.000000 573.028015 0.000000 0.493298 0.000000 0.869860 1.000000 1.000000 1.000000
8138.866211 0.000000 527.303589 0.000000 0.452207 0.000000 0.891913 1.000000 1.000000 1.000000
8152.712891 0.000000 567.666870 0.000000 0.677461 0.000000 0.735559 1.000000 1.000000 1.000000
8164.435547 0.000000 517.619141 0.000000 0.563888 0.000000 0.825852 1.000000 1.000000 1.000000
8132.369141 0.000000 536.201477 0.000000 0.223365 0.000000 0.974735 1.000000 1.000000 1.000000
8064.991699 0.000000 618.870728 0.000000 0.295425 0.000000 0.955366 1.000000 1.000000 1.000000
8074.397461 0.000000 576.646240 0.000000 0.787440 0.000000 0.616391 1.000000 1.000000 1.000000
8112.774902 0.000000 589.341125 0.000000 0.732794 0.000000 0.680451 1.000000 1.000000 1.000000
8118.387695 0.000000 596.385681 0.000000 0.399144 0.000000 0.916888 1.000000 1.000000 1.000000
8149.981934 0.000000 607.291260 0.000000 0.348838 0.000000 0.937183 1.000000 1.000000 1.000000
8164.212891 0.000000 621.776978 0.000000 0.699756 0.000000 0.714382 1.000000 1.000000 1.000000
8167.329590 0.000000 637.799988 0.000000 0.735492 0.000000 0.677534 1.000000 1.000000 1.000000
8186.277832 0.000000 602.452393 0.000000 0.349179 0.000000 0.937056 1.000000 1.000000 1.000000
8127.380859 0.000000 579.152466 0.000000 0.044153 0.000000 0.999025 1.000000 1.000000 1.000000
8158.322754 0.000000 631.793152 0.000000 0.808595 0.000000 0.588366 1.000000 1.000000 1.000000
8162.503906 0.000000 576.421875 0.000000 0.021857 0.000000 0.999761 1.000000 1.000000 1.000000
8187.465820 0.000000 619.668823 0.000000 0.822454 0.000000 0.568832 1.000000 1.000000 1.000000
8127.238770 0.000000 600.737915 0.000000 0.228968 0.000000 0.973434 1.000000 1.000000 1.000000
8127.722168 0.000000 610.025024 0.000000 0.809891 0.000000 0.586581 1.000000 1.000000 1.000000
8150.679199 0.000000 626.274963 0.000000 0.360559 0.000000 0.932736 1.000000 1.000000 1.000000
8176.767090 0.000000 589.341125 0.000000 0.385193 0.000000 0.922836 1.000000 1.000000 1.000000
8143.213867 0.000000 602.446960 0.000000 0.563191 0.000000 0.826327 1.000000 1.000000 1.000000
8162.530762 0.000000 587.004272 0.000000 0.643082 0.000000 0.765797 1.000000 1.000000 1.000000
8146.633301 0.000000 614.078674 0.000000 0.107147 0.000000 0.994243 1.000000 1.000000 1.000000
8174.558105 0.000000 577.287476 0.000000 0.105816 0.000000 0.994386 1.000000 1.000000 1.000000
8155.512695 0.000000 638.832703 0.000000 0.564829 0.000000 0.825208 1.000000 1.000000 1.000000
8157.724121 0.000000 611.668152 0.000000 0.648746 0.000000 0.761005 1.000000 1.000000 1.000000
8166.855469 0.000000 615.298523 0.000000 0.487692 0.000000 0.873016 1.000000 1.000000 1.000000
8165.959961 0.000000 628.247864 0.000000 0.660807 0.000000 0.750556 1.000000 1.000000 1.000000
8156.512695 0.000000 577.583008 0.000000 0.847209 0.000000 0.531260 1.000000 1.000000 1.000000
8132.261230 0.000000 613.891541 0.000000 0.629413 0.000000 0.777071 1.000000 1.000000 1.000000
8054.077148 0.000000 640.596008 0.000000 0.704372 0.000000 0.709831 1.000000 1.000000 1.000000
8083.981934 0.000000 698.890015 0.000000 0.350580 0.000000 0.936533 1.000000 1.000000 1.000000
8064.518066 0.000000 655.700195 0.000000 0.521720 0.000000 0.853117 1.000000 1.000000 1.000000
8103.337402 0.000000 701.784363 0.000000 0.752487 0.000000 0.658607 1.000000 1.000000 1.000000
8072.691406 0.000000 650.089233 0.000000 0.199592 0.000000 0.979879 1.000000 1.000000 1.000000
8084.590332 0.000000 640.197754 0.000000 0.474747 0.000000 0.880122 1.000000 1.000000 1.000000
8123.566895 0.000000 700.564453 0.000000 0.684628 0.000000 0.728893 1.000000 1.000000 1.000000
8093.949707 0.000000 668.103149 0.000000 0.288462 0.000000 0.957491 1.000000 1.000000 1.000000
8091.788574 0.000000 655.154541 0.000000 0.535119 0.000000 0.844777 1.000000 1.000000 1.000000
8110.565918 0.000000 641.271851 0.000000 0.477618 0.000000 0.878568 1.000000 1.000000 1.000000
8115.900391 0.000000 647.146973 0.000000 0.212218 0.000000 0.977222 1.000000 1.000000 1.000000
8108.231934 0.000000 676.233276 0.000000 0.212256 0.000000 0.977214 1.000000 1.000000 1.000000
8185.418945 0.000000 653.369263 0.000000 0.167444 0.000000 0.985882 1.000000 1.000000 1.000000
8127.238770 0.000000 664.722290 0.000000 0.108338 0.000000 0.994114 1.000000 1.000000 1.000000
8176.767090 0.000000 653.325500 0.000000 0.380911 0.000000 0.924612 1.000000 1.000000 1.000000
8135.809570 0.000000 660.171875 0.000000 0.244892 0.000000 0.969550 1.000000 1.000000 1.000000
8155.780762 0.000000 655.154541 0.000000 0.368175 0.000000 0.929756 1.000000 1.000000 1.000000
8188.278320 0.000000 675.995667 0.000000 0.290802 0.000000 0.956783 1.000000 1.000000 1.000000
8157.724121 0.000000 675.652527 0.000000 0.844396 0.000000 0.535720 1.000000 1.000000 1.000000
8133.796387 0.000000 644.531189 0.000000 0.300209 0.000000 0.953874 1.000000 1.000000 1.000000
8132.369141 0.000000 664.170227 0.000000 0.802720 0.000000 0.596356 1.000000 1.000000 1.000000
8074.397461 0.000000 704.614990 0.000000 0.502137 0.000000 0.864788 1.000000 1.000000 1.000000
8114.712891 0.000000 740.662537 0.000000 0.359984 0.000000 0.932958 1.000000 1.000000 1.000000
8122.285645 0.000000 730.421143 0.000000 0.650141 0.000000 0.759814 1.000000 1.000000 1.000000
8113.377930 0.000000 764.220581 0.000000 0.865160 0.000000 0.501496 1.000000 1.000000 1.000000
8149.981934 0.000000 735.260010 0.000000 0.405110 0.000000 0.914268 1.000000 1.000000 1.000000
8155.375488 0.000000 711.492859 0.000000 0.357157 0.000000 0.934044 1.000000 1.000000 1.000000
8132.569824 0.000000 762.384155 0.000000 0.824396 0.000000 0.566014 1.000000 1.000000 1.000000
8136.683594 0.000000 714.073608 0.000000 0.808540 0.000000 0.588441 1.000000 1.000000 1.000000
8148.582520 0.000000 704.182129 0.000000 0.149180 0.000000 0.988810 1.000000 1.000000 1.000000
8135.569336 0.000000 753.696350 0.000000 0.697689 0.000000 0.716401 1.000000 1.000000 1.000000
8172.897461 0.000000 747.128723 0.000000 0.637763 0.000000 0.770232 1.000000 1.000000 1.000000
8173.145996 0.000000 734.114502 0.000000 0.145895 0.000000 0.989300 1.000000 1.000000 1.000000
8143.213867 0.000000 730.415710 0.000000 0.175193 0.000000 0.984534 1.000000 1.000000 1.000000
8162.530762 0.000000 714.973022 0.000000 0.144739 0.000000 0.989470 1.000000 1.000000 1.000000
8166.936035 0.000000 729.411865 0.000000 0.340820 0.000000 0.940128 1.000000 1.000000 1.000000
8155.780762 0.000000 719.138916 0.000000 0.246740 0.000000 0.969082 1.000000 1.000000 1.000000
8146.633301 0.000000 742.047424 0.000000 0.281478 0.000000 0.959568 1.000000 1.000000 1.000000
8155.512695 0.000000 766.801453 0.000000 0.115776 0.000000 0.993275 1.000000 1.000000 1.000000
8180.527832 0.000000 734.051025 0.000000 0.188175 0.000000 0.982136 1.000000 1.000000 1.000000
8160.675781 0.000000 744.696716 0.000000 0.485480 0.000000 0.874248 1.000000 1.000000 1.000000
8189.175293 0.000000 754.914307 0.000000 0.782555 0.000000 0.622582 1.000000 1.000000 1.000000
8182.662598 0.000000 761.578613 0.000000 0.574602 0.000000 0.818433 1.000000 1.000000 1.000000
8114.712891 0.000000 804.646912 0.000000 0.175840 0.000000 0.984419 1.000000 1.000000 1.000000
8103.337402 0.000000 829.753113 0.000000 0.052864 0.000000 0.998602 1.000000 1.000000 1.000000
8122.285645 0.000000 794.405518 0.000000 0.859902 0.000000 0.510460 1.000000 1.000000 1.000000
8124.286133 0.000000 803.964417 0.000000 0.772231 0.000000 0.635342 1.000000 1.000000 1.000000
8147.974121 0.000000 826.858765 0.000000 0.290468 0.000000 0.956885 1.000000 1.000000 1.000000
8182.061523 0.000000 768.564758 0.000000 0.750847 0.000000 0.660476 1.000000 1.000000 1.000000
8164.212891 0.000000 813.730103 0.000000 0.834336 0.000000 0.551257 1.000000 1.000000 1.000000
8144.074707 0.000000 785.230103 0.000000 0.084965 0.000000 0.996384 1.000000 1.000000 1.000000
8169.993652 0.000000 775.759155 0.000000 0.225620 0.000000 0.974216 1.000000 1.000000 1.000000
8185.418945 0.000000 781.338013 0.000000 0.494265 0.000000 0.869311 1.000000 1.000000 1.000000
8153.978027 0.000000 809.617981 0.000000 0.188507 0.000000 0.982072 1.000000 1.000000 1.000000
8172.651367 0.000000 820.267761 0.000000 0.861889 0.000000 0.507098 1.000000 1.000000 1.000000
8177.370117 0.000000 828.204956 0.000000 0.511374 0.000000 0.859358 1.000000 1.000000 1.000000
8135.569336 0.000000 817.680725 0.000000 0.026773 0.000000 0.999642 1.000000 1.000000 1.000000
8152.023438 0.000000 790.144653 0.000000 0.553970 0.000000 0.832537 1.000000 1.000000 1.000000
8172.897461 0.000000 811.113098 0.000000 0.727917 0.000000 0.685666 1.000000 1.000000 1.000000
8146.646973 0.000000 776.836121 0.000000 0.825914 0.000000 0.563796 1.000000 1.000000 1.000000
8176.767090 0.000000 781.294250 0.000000 0.679368 0.000000 0.733798 1.000000 1.000000 1.000000
8162.530762 0.000000 778.957397 0.000000 0.195570 0.000000 0.980690 1.000000 1.000000 1.000000
8166.936035 0.000000 793.396240 0.000000 0.746858 0.000000 0.664984 1.000000 1.000000 1.000000
8155.780762 0.000000 783.123291 0.000000 0.431185 0.000000 0.902264 1.000000 1.000000 1.000000
8174.558105 0.000000 769.240601 0.000000 0.732399 0.000000 0.680876 1.000000 1.000000 1.000000
8179.681641 0.000000 814.131775 0.000000 0.473213 0.000000 0.880948 1.000000 1.000000 1.000000
8165.959961 0.000000 820.200989 0.000000 0.782340 0.000000 0.622852 1.000000 1.000000 1.000000
8142.591309 0.000000 800.761414 0.000000 0.831250 0.000000 0.555899 1.000000 1.000000 1.000000
8143.601074 0.000000 771.567200 0.000000 0.000566 0.000000 1.000000 1.000000 1.000000 1.000000
8179.459961 0.000000 792.915039 0.000000 0.665766 0.000000 0.746160 1.000000 1.000000 1.000000
8173.581055 0.000000 785.143311 0.000000 0.850588 0.000000 0.525833 1.000000 1.000000 1.000000
8171.641602 0.000000 780.471008 0.000000 0.700378 0.000000 0.713772 1.000000 1.000000 1.000000
8175.286621 0.000000 853.740173 0.000000 0.283553 0.000000 0.958957 1.000000 1.000000 1.000000
8169.993652 0.000000 839.743530 0.000000 0.288967 0.000000 0.957339 1.000000 1.000000 1.000000
8160.797363 0.000000 852.708862 0.000000 0.588318 0.000000 0.808630 1.000000 1.000000 1.000000
8185.418945 0.000000 845.322388 0.000000 0.792273 0.000000 0.610166 1.000000 1.000000 1.000000
8164.356445 0.000000 864.927307 0.000000 0.709696 0.000000 0.704508 1.000000 1.000000 1.000000
8136.683594 0.000000 842.042358 0.000000 0.355065 0.000000 0.934842 1.000000 1.000000 1.000000
8148.582520 0.000000 832.150879 0.000000 0.400087 0.000000 0.916477 1.000000 1.000000 1.000000
8176.767090 0.000000 845.278625 0.000000 0.748964 0.000000 0.662610 1.000000 1.000000 1.000000
8183.648438 0.000000 948.135376 0.000000 0.332452 0.000000 0.943120 1.000000 1.000000 1.000000
8167.329590 0.000000 957.721863 0.000000 0.087395 0.000000 0.996174 1.000000 1.000000 1.000000
8186.277832 0.000000 922.374268 0.000000 0.492738 0.000000 0.870178 1.000000 1.000000 1.000000
8187.559082 0.000000 956.501953 0.000000 0.639104 0.000000 0.769121 1.000000 1.000000 1.000000
8083.981934 0.000000 1018.811890 0.000000 0.382497 0.000000 0.923957 1.000000 1.000000 1.000000
8111.294434 0.000000 981.708923 0.000000 0.090961 0.000000 0.995854 1.000000 1.000000 1.000000
8119.656250 0.000000 1012.119751 0.000000 0.778498 0.000000 0.627648 1.000000 1.000000 1.000000
8100.220703 0.000000 1005.683228 0.000000 0.066246 0.000000 0.997803 1.000000 1.000000 1.000000
8100.364258 0.000000 992.896057 0.000000 0.703453 0.000000 0.710742 1.000000 1.000000 1.000000
8123.473633 0.000000 1003.575073 0.000000 0.292889 0.000000 0.956146 1.000000 1.000000 1.000000
8147.974121 0.000000 1018.811890 0.000000 0.039312 0.000000 0.999227 1.000000 1.000000 1.000000
8155.375488 0.000000 967.430359 0.000000 0.717597 0.000000 0.696458 1.000000 1.000000 1.000000
8182.061523 0.000000 960.517883 0.000000 0.321685 0.000000 0.946847 1.000000 1.000000 1.000000
8138.389648 0.000000 960.552490 0.000000 0.187499 0.000000 0.982265 1.000000 1.000000 1.000000
8178.705078 0.000000 996.600037 0.000000 0.551722 0.000000 0.834028 1.000000 1.000000 1.000000
8167.329590 0.000000 1021.706238 0.000000 0.014502 0.000000 0.999895 1.000000 1.000000 1.000000
8160.797363 0.000000 980.677612 0.000000 0.231507 0.000000 0.972833 1.000000 1.000000 1.000000
8186.277832 0.000000 986.358643 0.000000 0.584991 0.000000 0.811040 1.000000 1.000000 1.000000
8177.370117 0.000000 1020.158081 0.000000 0.229424 0.000000 0.973327 1.000000 1.000000 1.000000
8152.023438 0.000000 982.097778 0.000000 0.578225 0.000000 0.815878 1.000000 1.000000 1.000000
8176.767090 0.000000 973.247375 0.000000 0.531901 0.000000 0.846807 1.000000 1.000000 1.000000
8168.549805 0.000000 976.177795 0.000000 0.373490 0.000000 0.927634 1.000000 1.000000 1.000000
8127.509277 0.000000 1010.882202 0.000000 0.641887 0.000000 0.766800 1.000000 1.000000 1.000000
8157.941895 0.000000 988.025024 0.000000 0.696625 0.000000 0.717435 1.000000 1.000000 1.000000
8174.558105 0.000000 961.193726 0.000000 0.230200 0.000000 0.973143 1.000000 1.000000 1.000000
8182.379883 0.000000 980.291931 0.000000 0.676928 0.000000 0.736049 1.000000 1.000000 1.000000
8157.724121 0.000000 995.574402 0.000000 0.787397 0.000000 0.616447 1.000000 1.000000 1.000000
8186.672852 0.000000 966.143127 0.000000 0.746419 0.000000 0.665476 1.000000 1.000000 1.000000
8179.892578 0.000000 967.068848 0.000000 0.208893 0.000000 0.977939 1.000000 1.000000 1.000000
8166.855469 0.000000 999.204773 0.000000 0.411686 0.000000 0.911326 1.000000 1.000000 1.000000
8180.527832 0.000000 989.988525 0.000000 0.558098 0.000000 0.829775 1.000000 1.000000 1.000000
8172.224121 0.000000 996.155151 0.000000 0.040913 0.000000 0.999163 1.000000 1.000000 1.000000
8178.184082 0.000000 1014.331116 0.000000 0.578575 0.000000 0.815629 1.000000 1.000000 1.000000
8189.175293 0.000000 1010.851807 0.000000 0.460131 0.000000 0.887851 1.000000 1.000000 1.000000
8161.259277 0.000000 1020.918640 0.000000 0.244118 0.000000 0.969745 1.000000 1.000000 1.000000
8169.616699 0.000000 1007.600403 0.000000 0.525483 0.000000 0.850804 1.000000 1.000000 1.000000
8111.294434 0.000000 1045.693359 0.000000 0.711020 0.000000 0.703172 1.000000 1.000000 1.000000
8119.656250 0.000000 1076.104126 0.000000 0.301528 0.000000 0.953457 1.000000 1.000000 1.000000
8085.989746 0.000000 1055.181885 0.000000 0.215715 0.000000 0.976456 1.000000 1.000000 1.000000
8096.805176 0.000000 1044.661987 0.000000 0.693316 0.000000 0.720634 1.000000 1.000000 1.000000
8122.285645 0.000000 1050.343018 0.000000 0.120382 0.000000 0.992728 1.000000 1.000000 1.000000
8123.566895 0.000000 1084.470703 0.000000 0.852719 0.000000 0.522370 1.000000 1.000000 1.000000
8104.557617 0.000000 1040.162109 0.000000 0.789753 0.000000 0.613426 1.000000 1.000000 1.000000
8109.153809 0.000000 1054.036377 0.000000 0.281777 0.000000 0.959480 1.000000 1.000000 1.000000
8122.680664 0.000000 1030.127563 0.000000 0.655208 0.000000 0.755448 1.000000 1.000000 1.000000
8183.648438 0.000000 1076.104126 0.000000 0.514665 0.000000 0.857391 1.000000 1.000000 1.000000
8182.061523 0.000000 1024.502197 0.000000 0.058730 0.000000 0.998274 1.000000 1.000000 1.000000
8164.212891 0.000000 1069.667603 0.000000 0.224969 0.000000 0.974366 1.000000 1.000000 1.000000
8144.074707 0.000000 1041.167603 0.000000 0.132467 0.000000 0.991187 1.000000 1.000000 1.000000
8143.449219 0.000000 1069.108032 0.000000 0.268178 0.000000 0.963369 1.000000 1.000000 1.000000
8160.797363 0.000000 1044.661987 0.000000 0.563876 0.000000 0.825860 1.000000 1.000000 1.000000
8185.418945 0.000000 1037.275513 0.000000 0.728274 0.000000 0.685286 1.000000 1.000000 1.000000
8158.322754 0.000000 1079.683838 0.000000 0.361601 0.000000 0.932333 1.000000 1.000000 1.000000
8172.651367 0.000000 1076.205322 0.000000 0.599411 0.000000 0.800441 1.000000 1.000000 1.000000
8187.559082 0.000000 1084.470703 0.000000 0.602328 0.000000 0.798249 1.000000 1.000000 1.000000
8187.465820 0.000000 1067.559448 0.000000 0.381887 0.000000 0.924209 1.000000 1.000000 1.000000
8177.370117 0.000000 1084.142456 0.000000 0.837289 0.000000 0.546761 1.000000 1.000000 1.000000
8138.380859 0.000000 1061.558105 0.000000 0.199003 0.000000 0.979999 1.000000 1.000000 1.000000
8152.023438 0.000000 1046.082153 0.000000 0.508948 0.000000 0.860797 1.000000 1.000000 1.000000
8176.767090 0.000000 1037.231689 0.000000 0.778403 0.000000 0.627765 1.000000 1.000000 1.000000
8168.549805 0.000000 1040.162109 0.000000 0.318555 0.000000 0.947905 1.000000 1.000000 1.000000
8155.780762 0.000000 1039.060791 0.000000 0.586981 0.000000 0.809601 1.000000 1.000000 1.000000
8180.527832 0.000000 1053.972900 0.000000 0.164696 0.000000 0.986344 1.000000 1.000000 1.000000
8156.512695 0.000000 1025.473633 0.000000 0.559028 0.000000 0.829149 1.000000 1.000000 1.000000
8168.443359 0.000000 1025.821167 0.000000 0.437057 0.000000 0.899434 1.000000 1.000000 1.000000
8188.655762 0.000000 1024.556519 0.000000 0.207954 0.000000 0.978139 1.000000 1.000000 1.000000
8128.510254 0.000000 1103.590820 0.000000 0.799442 0.000000 0.600744 1.000000 1.000000 1.000000
8183.648438 0.000000 1140.088501 0.000000 0.060653 0.000000 0.998159 1.000000 1.000000 1.000000
8169.993652 0.000000 1095.681030 0.000000 0.146586 0.000000 0.989198 1.000000 1.000000 1.000000
8183.648438 0.000000 1204.072876 0.000000 0.280263 0.000000 0.959923 1.000000 1.000000 1.000000
8182.061523 0.000000 1152.470947 0.000000 0.235909 0.000000 0.971775 1.000000 1.000000 1.000000
8167.329590 0.000000 1213.659424 0.000000 0.331058 0.000000 0.943610 1.000000 1.000000 1.000000
8185.418945 0.000000 1165.244263 0.000000 0.460732 0.000000 0.887539 1.000000 1.000000 1.000000
8187.559082 0.000000 1212.439453 0.000000 0.199691 0.000000 0.979859 1.000000 1.000000 1.000000
8177.370117 0.000000 1212.111206 0.000000 0.788304 0.000000 0.615286 1.000000 1.000000 1.000000
8183.648438 0.000000 1332.041626 0.000000 0.725040 0.000000 0.688707 1.000000 1.000000 1.000000
8187.559082 0.000000 1340.408203 0.000000 0.212787 0.000000 0.977099 1.000000 1.000000 1.000000
8147.974121 0.000000 1402.718140 0.000000 0.508238 0.000000 0.861217 1.000000 1.000000 1.000000
8175.286621 0.000000 1365.615234 0.000000 0.825619 0.000000 0.564228 1.000000 1.000000 1.000000
8155.375488 0.000000 1351.336548 0.000000 0.620413 0.000000 0.784275 1.000000 1.000000 1.000000
8128.983887 0.000000 1386.683228 0.000000 0.511015 0.000000 0.859572 1.000000 1.000000 1.000000
8167.329590 0.000000 1405.612549 0.000000 0.618552 0.000000 0.785744 1.000000 1.000000 1.000000
8144.074707 0.000000 1361.089478 0.000000 0.513838 0.000000 0.857887 1.000000 1.000000 1.000000
8169.993652 0.000000 1351.618530 0.000000 0.763490 0.000000 0.645819 1.000000 1.000000 1.000000
8185.418945 0.000000 1357.197388 0.000000 0.827698 0.000000 0.561174 1.000000 1.000000 1.000000
8186.277832 0.000000 1370.264893 0.000000 0.587432 0.000000 0.809273 1.000000 1.000000 1.000000
8187.465820 0.000000 1387.481323 0.000000 0.646407 0.000000 0.762993 1.000000 1.000000 1.000000
8150.679199 0.000000 1394.087402 0.000000 0.565675 0.000000 0.824628 1.000000 1.000000 1.000000
8172.897461 0.000000 1386.972412 0.000000 0.307978 0.000000 0.951393 1.000000 1.000000 1.000000
8188.278320 0.000000 1379.823730 0.000000 0.586234 0.000000 0.810142 1.000000 1.000000 1.000000
8183.648438 0.000000 1460.010376 0.000000 0.474228 0.000000 0.880402 1.000000 1.000000 1.000000
8149.981934 0.000000 1439.088135 0.000000 0.821609 0.000000 0.570052 1.000000 1.000000 1.000000
8164.212891 0.000000 1453.573853 0.000000 0.332138 0.000000 0.943231 1.000000 1.000000 1.000000
8138.389648 0.000000 1408.443115 0.000000 0.259397 0.000000 0.965771 1.000000 1.000000 1.000000
8162.503906 0.000000 1408.218750 0.000000 0.460161 0.000000 0.887836 1.000000 1.000000 1.000000
8187.465820 0.000000 1451.465698 0.000000 0.177228 0.000000 0.984170 1.000000 1.000000 1.000000
8176.767090 0.000000 1421.137939 0.000000 0.615032 0.000000 0.788502 1.000000 1.000000 1.000000
8162.530762 0.000000 1418.801147 0.000000 0.166110 0.000000 0.986107 1.000000 1.000000 1.000000
"}
object={
	name="tree_pine_01_a_generator_1_1"
	clamp_to_water_level=no
	render_under_water=no
	generated_content=yes
	layer="tree_high_layer"
	pdxmesh="tree_pine_single_01_b_mesh"
	count=293
	transform="3486.277100 0.000000 752.495239 0.000000 0.949466 0.000000 0.313871 1.000000 1.000000 1.000000
3494.530273 0.000000 756.216614 0.000000 0.978155 0.000000 0.207877 1.000000 1.000000 1.000000
3484.288574 0.000000 762.524963 0.000000 0.992248 0.000000 0.124277 1.000000 1.000000 1.000000
8100.220703 0.000000 429.823883 0.000000 0.999783 0.000000 0.020835 1.000000 1.000000 1.000000
8100.364258 0.000000 417.036682 0.000000 0.867548 0.000000 0.497353 1.000000 1.000000 1.000000
8123.566895 0.000000 444.626953 0.000000 0.987805 0.000000 0.155695 1.000000 1.000000 1.000000
8147.974121 0.000000 442.952515 0.000000 0.997445 0.000000 -0.071432 1.000000 1.000000 1.000000
8155.375488 0.000000 391.570984 0.000000 0.873309 0.000000 -0.487167 1.000000 1.000000 1.000000
8167.329590 0.000000 445.846893 0.000000 0.961524 0.000000 0.274720 1.000000 1.000000 1.000000
8144.074707 0.000000 401.323822 0.000000 0.890239 0.000000 0.455495 1.000000 1.000000 1.000000
8153.978027 0.000000 425.711731 0.000000 0.920123 0.000000 0.391630 1.000000 1.000000 1.000000
8177.370117 0.000000 444.298706 0.000000 0.965348 0.000000 -0.260967 1.000000 1.000000 1.000000
8135.569336 0.000000 433.774475 0.000000 0.883630 0.000000 0.468187 1.000000 1.000000 1.000000
8155.512695 0.000000 446.879578 0.000000 0.983511 0.000000 -0.180849 1.000000 1.000000 1.000000
8064.518066 0.000000 463.747070 0.000000 0.993019 0.000000 0.117951 1.000000 1.000000 1.000000
8064.991699 0.000000 490.902008 0.000000 0.973844 0.000000 0.227217 1.000000 1.000000 1.000000
8106.001465 0.000000 455.837280 0.000000 0.989610 0.000000 0.143778 1.000000 1.000000 1.000000
8121.426758 0.000000 461.416107 0.000000 0.977690 0.000000 -0.210052 1.000000 1.000000 1.000000
8108.659180 0.000000 500.345886 0.000000 0.968325 0.000000 -0.249694 1.000000 1.000000 1.000000
8123.566895 0.000000 508.611328 0.000000 0.972233 0.000000 -0.234015 1.000000 1.000000 1.000000
8123.473633 0.000000 491.700073 0.000000 0.997793 0.000000 0.066405 1.000000 1.000000 1.000000
8108.905273 0.000000 491.191223 0.000000 0.999943 0.000000 -0.010650 1.000000 1.000000 1.000000
8098.538574 0.000000 459.035522 0.000000 0.991454 0.000000 0.130458 1.000000 1.000000 1.000000
8115.689453 0.000000 494.209930 0.000000 0.985525 0.000000 -0.169532 1.000000 1.000000 1.000000
8124.445801 0.000000 468.714233 0.000000 0.999656 0.000000 0.026213 1.000000 1.000000 1.000000
8114.191895 0.000000 502.456116 0.000000 0.985027 0.000000 -0.172398 1.000000 1.000000 1.000000
8125.183105 0.000000 498.976837 0.000000 0.948837 0.000000 -0.315767 1.000000 1.000000 1.000000
8128.510254 0.000000 463.747070 0.000000 0.969569 0.000000 0.244819 1.000000 1.000000 1.000000
8183.648438 0.000000 500.244781 0.000000 0.994613 0.000000 -0.103654 1.000000 1.000000 1.000000
8167.329590 0.000000 509.831268 0.000000 0.992817 0.000000 0.119647 1.000000 1.000000 1.000000
8144.074707 0.000000 465.308197 0.000000 0.983346 0.000000 -0.181745 1.000000 1.000000 1.000000
8169.993652 0.000000 455.837280 0.000000 0.984116 0.000000 0.177528 1.000000 1.000000 1.000000
8185.418945 0.000000 461.416107 0.000000 0.914920 0.000000 0.403636 1.000000 1.000000 1.000000
8186.277832 0.000000 474.483643 0.000000 0.920814 0.000000 0.390002 1.000000 1.000000 1.000000
8172.651367 0.000000 500.345886 0.000000 0.993528 0.000000 0.113585 1.000000 1.000000 1.000000
8162.503906 0.000000 448.453125 0.000000 0.919398 0.000000 0.393328 1.000000 1.000000 1.000000
8187.465820 0.000000 491.700073 0.000000 0.986774 0.000000 -0.162105 1.000000 1.000000 1.000000
8138.380859 0.000000 485.698669 0.000000 0.999982 0.000000 0.006027 1.000000 1.000000 1.000000
8127.722168 0.000000 482.056274 0.000000 0.980175 0.000000 0.198136 1.000000 1.000000 1.000000
8152.023438 0.000000 470.222809 0.000000 0.949734 0.000000 0.313059 1.000000 1.000000 1.000000
8176.767090 0.000000 461.372375 0.000000 0.971532 0.000000 0.236909 1.000000 1.000000 1.000000
8168.549805 0.000000 464.302765 0.000000 0.875702 0.000000 0.482852 1.000000 1.000000 1.000000
8135.809570 0.000000 468.218719 0.000000 0.999656 0.000000 -0.026243 1.000000 1.000000 1.000000
8127.509277 0.000000 499.007233 0.000000 0.991405 0.000000 -0.130830 1.000000 1.000000 1.000000
8140.436035 0.000000 504.338654 0.000000 0.934203 0.000000 -0.356742 1.000000 1.000000 1.000000
8157.941895 0.000000 476.150024 0.000000 0.881521 0.000000 0.472146 1.000000 1.000000 1.000000
8166.936035 0.000000 473.474335 0.000000 0.999335 0.000000 -0.036473 1.000000 1.000000 1.000000
8155.512695 0.000000 510.863953 0.000000 0.948475 0.000000 0.316852 1.000000 1.000000 1.000000
8179.892578 0.000000 455.193848 0.000000 0.997131 0.000000 -0.075696 1.000000 1.000000 1.000000
8165.959961 0.000000 500.279114 0.000000 0.997253 0.000000 0.074064 1.000000 1.000000 1.000000
8129.325684 0.000000 457.352478 0.000000 0.987372 0.000000 0.158418 1.000000 1.000000 1.000000
8135.265137 0.000000 491.383087 0.000000 0.927186 0.000000 -0.374602 1.000000 1.000000 1.000000
8156.512695 0.000000 449.614288 0.000000 0.893205 0.000000 0.449649 1.000000 1.000000 1.000000
8133.796387 0.000000 452.578094 0.000000 0.975656 0.000000 0.219307 1.000000 1.000000 1.000000
8145.089355 0.000000 500.334808 0.000000 0.989977 0.000000 -0.141230 1.000000 1.000000 1.000000
8132.261230 0.000000 485.922791 0.000000 0.987012 0.000000 0.160649 1.000000 1.000000 1.000000
8169.616699 0.000000 495.725433 0.000000 0.914632 0.000000 0.404287 1.000000 1.000000 1.000000
8148.510742 0.000000 474.154755 0.000000 0.999557 0.000000 0.029778 1.000000 1.000000 1.000000
8138.180176 0.000000 472.961792 0.000000 0.997309 0.000000 -0.073314 1.000000 1.000000 1.000000
8100.220703 0.000000 557.792603 0.000000 0.903078 0.000000 0.429477 1.000000 1.000000 1.000000
8114.712891 0.000000 548.709412 0.000000 0.914843 0.000000 -0.403810 1.000000 1.000000 1.000000
8103.337402 0.000000 573.815613 0.000000 0.991728 0.000000 -0.128357 1.000000 1.000000 1.000000
8096.805176 0.000000 532.786987 0.000000 0.966323 0.000000 -0.257333 1.000000 1.000000 1.000000
8113.377930 0.000000 572.267456 0.000000 0.999979 0.000000 0.006522 1.000000 1.000000 1.000000
8108.905273 0.000000 555.175598 0.000000 0.999730 0.000000 0.023245 1.000000 1.000000 1.000000
8110.565918 0.000000 513.303101 0.000000 0.927957 0.000000 0.372688 1.000000 1.000000 1.000000
8124.663574 0.000000 512.681519 0.000000 0.867973 0.000000 0.496611 1.000000 1.000000 1.000000
8128.510254 0.000000 527.731445 0.000000 0.960222 0.000000 0.279236 1.000000 1.000000 1.000000
8155.375488 0.000000 519.539734 0.000000 0.998173 0.000000 0.060418 1.000000 1.000000 1.000000
8164.212891 0.000000 557.792603 0.000000 0.955839 0.000000 -0.293891 1.000000 1.000000 1.000000
8167.329590 0.000000 573.815613 0.000000 0.993359 0.000000 0.115058 1.000000 1.000000 1.000000
8144.074707 0.000000 529.292603 0.000000 0.977704 0.000000 -0.209986 1.000000 1.000000 1.000000
8160.797363 0.000000 532.786987 0.000000 0.984479 0.000000 0.175501 1.000000 1.000000 1.000000
8185.418945 0.000000 525.400513 0.000000 0.892290 0.000000 0.451463 1.000000 1.000000 1.000000
8158.322754 0.000000 567.808777 0.000000 0.990715 0.000000 -0.135956 1.000000 1.000000 1.000000
8136.683594 0.000000 522.120483 0.000000 0.915801 0.000000 0.401633 1.000000 1.000000 1.000000
8148.582520 0.000000 512.229004 0.000000 0.952568 0.000000 0.304325 1.000000 1.000000 1.000000
8138.380859 0.000000 549.683044 0.000000 0.909225 0.000000 -0.416305 1.000000 1.000000 1.000000
8127.238770 0.000000 536.753540 0.000000 0.970808 0.000000 -0.239857 1.000000 1.000000 1.000000
8172.897461 0.000000 555.175598 0.000000 0.998640 0.000000 0.052127 1.000000 1.000000 1.000000
8143.213867 0.000000 538.462585 0.000000 0.982871 0.000000 -0.184296 1.000000 1.000000 1.000000
8140.436035 0.000000 568.323059 0.000000 0.999999 0.000000 0.001680 1.000000 1.000000 1.000000
8157.941895 0.000000 540.134399 0.000000 0.918960 0.000000 0.394350 1.000000 1.000000 1.000000
8188.278320 0.000000 548.026917 0.000000 0.964051 0.000000 -0.265718 1.000000 1.000000 1.000000
8182.379883 0.000000 532.401306 0.000000 0.880113 0.000000 -0.474763 1.000000 1.000000 1.000000
8157.724121 0.000000 547.683777 0.000000 0.869150 0.000000 -0.494548 1.000000 1.000000 1.000000
8157.707031 0.000000 560.542114 0.000000 0.999879 0.000000 0.015554 1.000000 1.000000 1.000000
8165.959961 0.000000 564.263489 0.000000 0.996326 0.000000 0.085645 1.000000 1.000000 1.000000
8149.735840 0.000000 526.194702 0.000000 0.906214 0.000000 -0.422818 1.000000 1.000000 1.000000
8172.224121 0.000000 548.264526 0.000000 0.909370 0.000000 -0.415989 1.000000 1.000000 1.000000
8156.512695 0.000000 513.598633 0.000000 0.885006 0.000000 -0.465580 1.000000 1.000000 1.000000
8133.796387 0.000000 516.562439 0.000000 0.884732 0.000000 0.466099 1.000000 1.000000 1.000000
8143.601074 0.000000 515.629700 0.000000 0.905032 0.000000 -0.425343 1.000000 1.000000 1.000000
8145.089355 0.000000 564.319214 0.000000 0.991649 0.000000 0.128969 1.000000 1.000000 1.000000
8137.370117 0.000000 573.572876 0.000000 0.993425 0.000000 -0.114484 1.000000 1.000000 1.000000
8149.073242 0.000000 556.497742 0.000000 0.876574 0.000000 0.481268 1.000000 1.000000 1.000000
8148.510742 0.000000 538.139099 0.000000 0.902407 0.000000 0.430885 1.000000 1.000000 1.000000
8152.415527 0.000000 548.605652 0.000000 0.956165 0.000000 -0.292828 1.000000 1.000000 1.000000
8138.180176 0.000000 536.946167 0.000000 0.949897 0.000000 0.312562 1.000000 1.000000 1.000000
8111.294434 0.000000 597.802673 0.000000 0.922714 0.000000 0.385485 1.000000 1.000000 1.000000
8118.069336 0.000000 576.611633 0.000000 0.990534 0.000000 0.137271 1.000000 1.000000 1.000000
8068.577637 0.000000 634.415405 0.000000 0.883651 0.000000 0.468147 1.000000 1.000000 1.000000
8106.001465 0.000000 583.806030 0.000000 0.961538 0.000000 0.274673 1.000000 1.000000 1.000000
8121.426758 0.000000 589.384888 0.000000 0.872132 0.000000 -0.489271 1.000000 1.000000 1.000000
8122.285645 0.000000 602.452393 0.000000 0.998707 0.000000 0.050839 1.000000 1.000000 1.000000
8124.286133 0.000000 612.011292 0.000000 0.998216 0.000000 -0.059701 1.000000 1.000000 1.000000
8115.689453 0.000000 622.178650 0.000000 0.868106 0.000000 -0.496379 1.000000 1.000000 1.000000
8122.680664 0.000000 582.236877 0.000000 0.950654 0.000000 -0.310253 1.000000 1.000000 1.000000
8115.900391 0.000000 583.162598 0.000000 0.984370 0.000000 0.176110 1.000000 1.000000 1.000000
8116.535645 0.000000 606.082275 0.000000 0.996001 0.000000 0.089343 1.000000 1.000000 1.000000
8175.286621 0.000000 597.802673 0.000000 0.993147 0.000000 0.116873 1.000000 1.000000 1.000000
8182.061523 0.000000 576.611633 0.000000 0.999795 0.000000 0.020260 1.000000 1.000000 1.000000
8138.389648 0.000000 576.646240 0.000000 0.886915 0.000000 -0.461933 1.000000 1.000000 1.000000
8178.705078 0.000000 612.693787 0.000000 0.993696 0.000000 0.112108 1.000000 1.000000 1.000000
8153.978027 0.000000 617.664856 0.000000 0.964610 0.000000 -0.263682 1.000000 1.000000 1.000000
8172.651367 0.000000 628.314636 0.000000 0.995037 0.000000 0.099504 1.000000 1.000000 1.000000
8148.582520 0.000000 576.213379 0.000000 0.979138 0.000000 -0.203198 1.000000 1.000000 1.000000
8187.559082 0.000000 636.580078 0.000000 0.997890 0.000000 0.064923 1.000000 1.000000 1.000000
8177.370117 0.000000 636.251831 0.000000 0.939391 0.000000 -0.342848 1.000000 1.000000 1.000000
8155.780762 0.000000 591.170166 0.000000 0.997561 0.000000 0.069798 1.000000 1.000000 1.000000
8179.892578 0.000000 583.162598 0.000000 0.896057 0.000000 0.443938 1.000000 1.000000 1.000000
8129.325684 0.000000 585.321228 0.000000 0.989003 0.000000 0.147899 1.000000 1.000000 1.000000
8142.591309 0.000000 608.808289 0.000000 0.994732 0.000000 -0.102510 1.000000 1.000000 1.000000
8149.735840 0.000000 590.179077 0.000000 0.984980 0.000000 0.172669 1.000000 1.000000 1.000000
8127.110352 0.000000 636.930969 0.000000 0.932299 0.000000 0.361690 1.000000 1.000000 1.000000
8137.370117 0.000000 637.557251 0.000000 0.999850 0.000000 -0.017337 1.000000 1.000000 1.000000
8074.397461 0.000000 640.630615 0.000000 0.968029 0.000000 0.250838 1.000000 1.000000 1.000000
8108.659180 0.000000 692.299011 0.000000 0.903802 0.000000 -0.427951 1.000000 1.000000 1.000000
8113.377930 0.000000 700.236206 0.000000 0.905792 0.000000 0.423722 1.000000 1.000000 1.000000
8086.687012 0.000000 690.259338 0.000000 0.967294 0.000000 -0.253657 1.000000 1.000000 1.000000
8082.654785 0.000000 648.867371 0.000000 0.999057 0.000000 -0.043408 1.000000 1.000000 1.000000
8098.538574 0.000000 650.988647 0.000000 0.999997 0.000000 -0.002598 1.000000 1.000000 1.000000
8122.680664 0.000000 646.221252 0.000000 0.991283 0.000000 0.131751 1.000000 1.000000 1.000000
8147.974121 0.000000 698.890015 0.000000 0.900777 0.000000 -0.434281 1.000000 1.000000 1.000000
8182.061523 0.000000 640.596008 0.000000 0.912839 0.000000 -0.408321 1.000000 1.000000 1.000000
8132.569824 0.000000 698.399780 0.000000 0.945647 0.000000 -0.325196 1.000000 1.000000 1.000000
8186.277832 0.000000 666.436768 0.000000 0.992962 0.000000 0.118431 1.000000 1.000000 1.000000
8140.436035 0.000000 696.291809 0.000000 0.957395 0.000000 -0.288781 1.000000 1.000000 1.000000
8146.633301 0.000000 678.063049 0.000000 0.909606 0.000000 -0.415472 1.000000 1.000000 1.000000
8166.855469 0.000000 679.282898 0.000000 0.966593 0.000000 0.256316 1.000000 1.000000 1.000000
8142.591309 0.000000 672.792664 0.000000 0.998339 0.000000 -0.057617 1.000000 1.000000 1.000000
8135.265137 0.000000 683.336243 0.000000 0.930445 0.000000 0.366431 1.000000 1.000000 1.000000
8156.512695 0.000000 641.567383 0.000000 0.999532 0.000000 -0.030593 1.000000 1.000000 1.000000
8132.261230 0.000000 677.875916 0.000000 0.999399 0.000000 -0.034662 1.000000 1.000000 1.000000
8138.866211 0.000000 655.272339 0.000000 0.985456 0.000000 -0.169934 1.000000 1.000000 1.000000
8119.656250 0.000000 756.182251 0.000000 0.927950 0.000000 0.372706 1.000000 1.000000 1.000000
8118.069336 0.000000 704.580383 0.000000 0.994215 0.000000 -0.107408 1.000000 1.000000 1.000000
8106.001465 0.000000 711.774780 0.000000 0.940275 0.000000 -0.340417 1.000000 1.000000 1.000000
8108.659180 0.000000 756.283386 0.000000 0.999241 0.000000 -0.038957 1.000000 1.000000 1.000000
8123.566895 0.000000 764.548828 0.000000 0.909692 0.000000 -0.415283 1.000000 1.000000 1.000000
8123.473633 0.000000 747.637573 0.000000 0.897372 0.000000 0.441275 1.000000 1.000000 1.000000
8183.648438 0.000000 756.182251 0.000000 0.964495 0.000000 -0.264102 1.000000 1.000000 1.000000
8128.983887 0.000000 746.839478 0.000000 0.933244 0.000000 -0.359244 1.000000 1.000000 1.000000
8138.389648 0.000000 704.614990 0.000000 0.997327 0.000000 -0.073065 1.000000 1.000000 1.000000
8167.329590 0.000000 765.768738 0.000000 0.924330 0.000000 -0.381595 1.000000 1.000000 1.000000
8144.074707 0.000000 721.245728 0.000000 0.992947 0.000000 0.118556 1.000000 1.000000 1.000000
8135.175293 0.000000 733.152527 0.000000 0.922731 0.000000 -0.385444 1.000000 1.000000 1.000000
8127.380859 0.000000 707.121216 0.000000 0.932173 0.000000 -0.362014 1.000000 1.000000 1.000000
8158.322754 0.000000 759.761902 0.000000 0.987728 0.000000 0.156185 1.000000 1.000000 1.000000
8172.651367 0.000000 756.283386 0.000000 0.941559 0.000000 -0.336847 1.000000 1.000000 1.000000
8162.503906 0.000000 704.390625 0.000000 0.954038 0.000000 0.299686 1.000000 1.000000 1.000000
8187.465820 0.000000 747.637573 0.000000 0.884802 0.000000 0.465967 1.000000 1.000000 1.000000
8138.380859 0.000000 741.636169 0.000000 0.945030 0.000000 0.326982 1.000000 1.000000 1.000000
8127.238770 0.000000 728.706665 0.000000 0.951829 0.000000 -0.306631 1.000000 1.000000 1.000000
8146.646973 0.000000 712.851746 0.000000 0.963607 0.000000 0.267323 1.000000 1.000000 1.000000
8176.767090 0.000000 717.309875 0.000000 0.938617 0.000000 0.344962 1.000000 1.000000 1.000000
8168.549805 0.000000 720.240295 0.000000 0.990292 0.000000 0.139002 1.000000 1.000000 1.000000
8140.436035 0.000000 760.276184 0.000000 0.999171 0.000000 -0.040709 1.000000 1.000000 1.000000
8179.681641 0.000000 750.147400 0.000000 0.997122 0.000000 0.075817 1.000000 1.000000 1.000000
8157.724121 0.000000 739.636902 0.000000 0.999205 0.000000 -0.039862 1.000000 1.000000 1.000000
8172.224121 0.000000 740.217651 0.000000 0.966258 0.000000 0.257574 1.000000 1.000000 1.000000
8161.259277 0.000000 764.981140 0.000000 0.899587 0.000000 -0.436742 1.000000 1.000000 1.000000
8169.616699 0.000000 751.662903 0.000000 0.986325 0.000000 -0.164815 1.000000 1.000000 1.000000
8190.367188 0.000000 759.897949 0.000000 0.975988 0.000000 -0.217825 1.000000 1.000000 1.000000
8106.001465 0.000000 775.759155 0.000000 0.986425 0.000000 -0.164211 1.000000 1.000000 1.000000
8096.805176 0.000000 788.724487 0.000000 0.928755 0.000000 -0.370695 1.000000 1.000000 1.000000
8123.473633 0.000000 811.621948 0.000000 0.954710 0.000000 -0.297537 1.000000 1.000000 1.000000
8113.377930 0.000000 828.204956 0.000000 0.990201 0.000000 0.139646 1.000000 1.000000 1.000000
8112.774902 0.000000 781.294250 0.000000 0.991473 0.000000 -0.130312 1.000000 1.000000 1.000000
8183.648438 0.000000 820.166626 0.000000 0.981318 0.000000 0.192391 1.000000 1.000000 1.000000
8128.983887 0.000000 810.823853 0.000000 0.972026 0.000000 -0.234873 1.000000 1.000000 1.000000
8138.389648 0.000000 768.599365 0.000000 0.999945 0.000000 0.010451 1.000000 1.000000 1.000000
8178.705078 0.000000 804.646912 0.000000 0.918352 0.000000 0.395764 1.000000 1.000000 1.000000
8167.329590 0.000000 829.753113 0.000000 0.981461 0.000000 -0.191663 1.000000 1.000000 1.000000
8135.175293 0.000000 797.136902 0.000000 0.991817 0.000000 -0.127665 1.000000 1.000000 1.000000
8160.797363 0.000000 788.724487 0.000000 0.955784 0.000000 -0.294071 1.000000 1.000000 1.000000
8164.356445 0.000000 800.942932 0.000000 0.928078 0.000000 -0.372386 1.000000 1.000000 1.000000
8186.277832 0.000000 794.405518 0.000000 0.991069 0.000000 -0.133348 1.000000 1.000000 1.000000
8158.322754 0.000000 823.746277 0.000000 0.945749 0.000000 0.324898 1.000000 1.000000 1.000000
8187.559082 0.000000 828.533203 0.000000 0.971131 0.000000 -0.238545 1.000000 1.000000 1.000000
8168.549805 0.000000 784.224670 0.000000 0.942593 0.000000 0.333942 1.000000 1.000000 1.000000
8135.809570 0.000000 788.140625 0.000000 0.999750 0.000000 -0.022345 1.000000 1.000000 1.000000
8140.436035 0.000000 824.260559 0.000000 0.964118 0.000000 -0.265475 1.000000 1.000000 1.000000
8157.941895 0.000000 796.071899 0.000000 0.868541 0.000000 -0.495617 1.000000 1.000000 1.000000
8157.707031 0.000000 816.479614 0.000000 0.955505 0.000000 0.294977 1.000000 1.000000 1.000000
8179.892578 0.000000 775.115723 0.000000 0.992048 0.000000 0.125860 1.000000 1.000000 1.000000
8180.527832 0.000000 798.035400 0.000000 0.969992 0.000000 -0.243138 1.000000 1.000000 1.000000
8156.512695 0.000000 769.536133 0.000000 0.889380 0.000000 -0.457168 1.000000 1.000000 1.000000
8168.443359 0.000000 769.883728 0.000000 0.920830 0.000000 0.389965 1.000000 1.000000 1.000000
8183.702148 0.000000 807.408752 0.000000 0.998179 0.000000 -0.060324 1.000000 1.000000 1.000000
8188.655762 0.000000 768.619019 0.000000 0.947388 0.000000 0.320087 1.000000 1.000000 1.000000
8164.435547 0.000000 773.556641 0.000000 0.908743 0.000000 -0.417355 1.000000 1.000000 1.000000
8150.489746 0.000000 773.115479 0.000000 0.960213 0.000000 -0.279268 1.000000 1.000000 1.000000
8170.215820 0.000000 789.592224 0.000000 0.980719 0.000000 -0.195423 1.000000 1.000000 1.000000
8181.120605 0.000000 783.593567 0.000000 0.939631 0.000000 -0.342190 1.000000 1.000000 1.000000
8155.375488 0.000000 839.461609 0.000000 0.956788 0.000000 -0.290786 1.000000 1.000000 1.000000
8138.389648 0.000000 832.583740 0.000000 0.924497 0.000000 -0.381189 1.000000 1.000000 1.000000
8144.074707 0.000000 849.214478 0.000000 0.955355 0.000000 0.295462 1.000000 1.000000 1.000000
8127.380859 0.000000 835.089966 0.000000 0.995442 0.000000 -0.095366 1.000000 1.000000 1.000000
8187.465820 0.000000 939.590698 0.000000 0.961512 0.000000 -0.274763 1.000000 1.000000 1.000000
8118.069336 0.000000 960.517883 0.000000 0.970250 0.000000 0.242103 1.000000 1.000000 1.000000
8114.712891 0.000000 996.600037 0.000000 0.989852 0.000000 -0.142105 1.000000 1.000000 1.000000
8121.426758 0.000000 973.291138 0.000000 0.998808 0.000000 0.048817 1.000000 1.000000 1.000000
8123.566895 0.000000 1020.486328 0.000000 0.995399 0.000000 -0.095813 1.000000 1.000000 1.000000
8128.510254 0.000000 975.622070 0.000000 0.975290 0.000000 0.220926 1.000000 1.000000 1.000000
8149.981934 0.000000 991.197510 0.000000 0.965852 0.000000 -0.259093 1.000000 1.000000 1.000000
8128.983887 0.000000 1002.776978 0.000000 0.923920 0.000000 0.382586 1.000000 1.000000 1.000000
8135.175293 0.000000 989.090027 0.000000 0.903748 0.000000 0.428065 1.000000 1.000000 1.000000
8164.356445 0.000000 992.896057 0.000000 0.897582 0.000000 -0.440848 1.000000 1.000000 1.000000
8158.322754 0.000000 1015.699402 0.000000 0.991777 0.000000 -0.127981 1.000000 1.000000 1.000000
8162.503906 0.000000 960.328125 0.000000 0.911075 0.000000 -0.412241 1.000000 1.000000 1.000000
8187.559082 0.000000 1020.486328 0.000000 0.960512 0.000000 0.278239 1.000000 1.000000 1.000000
8187.465820 0.000000 1003.575073 0.000000 0.898918 0.000000 0.438117 1.000000 1.000000 1.000000
8135.569336 0.000000 1009.633850 0.000000 0.989705 0.000000 -0.143120 1.000000 1.000000 1.000000
8127.722168 0.000000 993.931274 0.000000 0.999853 0.000000 0.017132 1.000000 1.000000 1.000000
8150.679199 0.000000 1010.181213 0.000000 0.993909 0.000000 -0.110206 1.000000 1.000000 1.000000
8140.436035 0.000000 1016.213684 0.000000 0.940852 0.000000 -0.338819 1.000000 1.000000 1.000000
8155.780762 0.000000 975.076416 0.000000 0.944854 0.000000 -0.327492 1.000000 1.000000 1.000000
8188.278320 0.000000 995.917542 0.000000 0.958126 0.000000 -0.286347 1.000000 1.000000 1.000000
8146.633301 0.000000 997.984924 0.000000 0.950936 0.000000 -0.309389 1.000000 1.000000 1.000000
8179.681641 0.000000 1006.084900 0.000000 0.950992 0.000000 -0.309216 1.000000 1.000000 1.000000
8155.512695 0.000000 1022.738953 0.000000 0.919212 0.000000 -0.393763 1.000000 1.000000 1.000000
8165.959961 0.000000 1012.154114 0.000000 0.986537 0.000000 -0.163536 1.000000 1.000000 1.000000
8188.437988 0.000000 980.589233 0.000000 0.877692 0.000000 -0.479226 1.000000 1.000000 1.000000
8183.702148 0.000000 999.361877 0.000000 0.965615 0.000000 0.259976 1.000000 1.000000 1.000000
8171.955078 0.000000 1017.987366 0.000000 0.949400 0.000000 0.314070 1.000000 1.000000 1.000000
8182.662598 0.000000 1017.516113 0.000000 0.958048 0.000000 -0.286608 1.000000 1.000000 1.000000
8100.220703 0.000000 1069.667603 0.000000 0.956652 0.000000 -0.291232 1.000000 1.000000 1.000000
8106.001465 0.000000 1031.696655 0.000000 0.967646 0.000000 -0.252313 1.000000 1.000000 1.000000
8121.426758 0.000000 1037.275513 0.000000 0.966784 0.000000 -0.255594 1.000000 1.000000 1.000000
8100.364258 0.000000 1056.880371 0.000000 1.000000 0.000000 0.000115 1.000000 1.000000 1.000000
8098.511719 0.000000 1024.312500 0.000000 0.935961 0.000000 -0.352105 1.000000 1.000000 1.000000
8112.774902 0.000000 1037.231689 0.000000 0.999906 0.000000 0.013739 1.000000 1.000000 1.000000
8124.286133 0.000000 1059.901855 0.000000 0.993091 0.000000 0.117350 1.000000 1.000000 1.000000
8147.974121 0.000000 1082.796265 0.000000 0.990083 0.000000 -0.140485 1.000000 1.000000 1.000000
8175.286621 0.000000 1045.693359 0.000000 0.993998 0.000000 -0.109394 1.000000 1.000000 1.000000
8149.981934 0.000000 1055.181885 0.000000 0.990447 0.000000 -0.137896 1.000000 1.000000 1.000000
8128.983887 0.000000 1066.761353 0.000000 0.946908 0.000000 -0.321506 1.000000 1.000000 1.000000
8138.389648 0.000000 1024.536865 0.000000 0.936006 0.000000 0.351985 1.000000 1.000000 1.000000
8178.705078 0.000000 1060.584351 0.000000 0.999669 0.000000 -0.025714 1.000000 1.000000 1.000000
8167.329590 0.000000 1085.690674 0.000000 0.998223 0.000000 0.059585 1.000000 1.000000 1.000000
8135.175293 0.000000 1053.074463 0.000000 0.995899 0.000000 -0.090477 1.000000 1.000000 1.000000
8164.356445 0.000000 1056.880371 0.000000 0.905412 0.000000 0.424534 1.000000 1.000000 1.000000
8186.277832 0.000000 1050.343018 0.000000 0.983934 0.000000 -0.178534 1.000000 1.000000 1.000000
8136.683594 0.000000 1033.995483 0.000000 0.958109 0.000000 0.286403 1.000000 1.000000 1.000000
8135.569336 0.000000 1073.618164 0.000000 0.999499 0.000000 0.031655 1.000000 1.000000 1.000000
8150.679199 0.000000 1074.165527 0.000000 0.906310 0.000000 0.422614 1.000000 1.000000 1.000000
8157.941895 0.000000 1052.009399 0.000000 0.947607 0.000000 -0.319440 1.000000 1.000000 1.000000
8166.936035 0.000000 1049.333740 0.000000 0.927694 0.000000 -0.373342 1.000000 1.000000 1.000000
8146.633301 0.000000 1061.969238 0.000000 0.996217 0.000000 0.086902 1.000000 1.000000 1.000000
8174.558105 0.000000 1025.178101 0.000000 0.962899 0.000000 -0.269861 1.000000 1.000000 1.000000
8142.591309 0.000000 1056.698853 0.000000 0.901245 0.000000 -0.433311 1.000000 1.000000 1.000000
8172.224121 0.000000 1060.139526 0.000000 0.929380 0.000000 0.369124 1.000000 1.000000 1.000000
8164.435547 0.000000 1029.494141 0.000000 0.901884 0.000000 -0.431978 1.000000 1.000000 1.000000
8150.489746 0.000000 1029.052979 0.000000 0.969351 0.000000 -0.245678 1.000000 1.000000 1.000000
8118.069336 0.000000 1088.486572 0.000000 0.962466 0.000000 -0.271403 1.000000 1.000000 1.000000
8175.286621 0.000000 1109.677734 0.000000 0.956699 0.000000 0.291079 1.000000 1.000000 1.000000
8155.375488 0.000000 1095.399048 0.000000 0.982186 0.000000 -0.187914 1.000000 1.000000 1.000000
8185.418945 0.000000 1101.259888 0.000000 0.998072 0.000000 0.062064 1.000000 1.000000 1.000000
8175.286621 0.000000 1237.646484 0.000000 0.958892 0.000000 0.283771 1.000000 1.000000 1.000000
8169.993652 0.000000 1223.649780 0.000000 0.932614 0.000000 -0.360875 1.000000 1.000000 1.000000
8177.370117 0.000000 1340.079956 0.000000 0.997055 0.000000 -0.076685 1.000000 1.000000 1.000000
8183.648438 0.000000 1396.026001 0.000000 0.999611 0.000000 0.027879 1.000000 1.000000 1.000000
8149.981934 0.000000 1375.103760 0.000000 0.926777 0.000000 0.375612 1.000000 1.000000 1.000000
8164.212891 0.000000 1389.589478 0.000000 0.997845 0.000000 -0.065614 1.000000 1.000000 1.000000
8143.449219 0.000000 1389.029907 0.000000 0.909351 0.000000 0.416031 1.000000 1.000000 1.000000
8153.978027 0.000000 1385.477417 0.000000 0.999998 0.000000 -0.001995 1.000000 1.000000 1.000000
8172.651367 0.000000 1396.127197 0.000000 0.993452 0.000000 0.114248 1.000000 1.000000 1.000000
8187.559082 0.000000 1404.392578 0.000000 0.998631 0.000000 0.052307 1.000000 1.000000 1.000000
8177.370117 0.000000 1404.064331 0.000000 0.985456 0.000000 0.169933 1.000000 1.000000 1.000000
8168.549805 0.000000 1360.083984 0.000000 0.936315 0.000000 -0.351162 1.000000 1.000000 1.000000
8166.936035 0.000000 1369.255615 0.000000 0.867224 0.000000 0.497918 1.000000 1.000000 1.000000
8179.681641 0.000000 1389.991211 0.000000 0.989798 0.000000 0.142476 1.000000 1.000000 1.000000
8180.527832 0.000000 1373.894775 0.000000 0.994284 0.000000 -0.106766 1.000000 1.000000 1.000000
8178.184082 0.000000 1398.237427 0.000000 0.999768 0.000000 -0.021554 1.000000 1.000000 1.000000
8178.705078 0.000000 1444.490601 0.000000 0.873930 0.000000 -0.486052 1.000000 1.000000 1.000000
8169.993652 0.000000 1415.602905 0.000000 0.997157 0.000000 0.075356 1.000000 1.000000 1.000000
8160.797363 0.000000 1428.568237 0.000000 0.909282 0.000000 0.416181 1.000000 1.000000 1.000000
8185.418945 0.000000 1421.181763 0.000000 0.999999 0.000000 -0.001668 1.000000 1.000000 1.000000
8148.582520 0.000000 1408.010254 0.000000 0.899200 0.000000 0.437537 1.000000 1.000000 1.000000
8168.549805 0.000000 1424.068359 0.000000 0.992907 0.000000 -0.118891 1.000000 1.000000 1.000000
8182.379883 0.000000 1428.182495 0.000000 0.996076 0.000000 0.088496 1.000000 1.000000 1.000000
8182.061523 0.000000 1472.392822 0.000000 0.922469 0.000000 0.386071 1.000000 1.000000 1.000000
"}
object={
	name="tree_pine_01_a_generator_1_2"
	clamp_to_water_level=no
	render_under_water=no
	generated_content=yes
	layer="tree_high_layer"
	pdxmesh="tree_pine_single_01_c_mesh"
	count=301
	transform="3495.899902 0.000000 765.768738 0.000000 0.770298 0.000000 -0.637684 1.000000 1.000000 1.000000
3489.829346 0.000000 764.981140 0.000000 0.629267 0.000000 -0.777189 1.000000 1.000000 1.000000
3484.246582 0.000000 756.237793 0.000000 0.791850 0.000000 -0.610715 1.000000 1.000000 1.000000
3490.485840 0.000000 759.525024 0.000000 0.790204 0.000000 -0.612844 1.000000 1.000000 1.000000
8083.981934 0.000000 442.952515 0.000000 0.218606 0.000000 -0.975813 1.000000 1.000000 1.000000
8111.294434 0.000000 405.849579 0.000000 0.189759 0.000000 -0.981831 1.000000 1.000000 1.000000
8119.656250 0.000000 436.260406 0.000000 0.596326 0.000000 -0.802743 1.000000 1.000000 1.000000
8094.330566 0.000000 439.840027 0.000000 0.587566 0.000000 -0.809176 1.000000 1.000000 1.000000
8108.905273 0.000000 427.206848 0.000000 0.400553 0.000000 -0.916274 1.000000 1.000000 1.000000
8175.286621 0.000000 405.849579 0.000000 0.713508 0.000000 -0.700647 1.000000 1.000000 1.000000
8183.648438 0.000000 436.260406 0.000000 0.673244 0.000000 -0.739421 1.000000 1.000000 1.000000
8164.212891 0.000000 429.823883 0.000000 0.414725 0.000000 -0.909947 1.000000 1.000000 1.000000
8143.449219 0.000000 429.264313 0.000000 0.860302 0.000000 -0.509785 1.000000 1.000000 1.000000
8158.322754 0.000000 439.840027 0.000000 0.455344 0.000000 -0.890316 1.000000 1.000000 1.000000
8187.465820 0.000000 427.715698 0.000000 0.482233 0.000000 -0.876043 1.000000 1.000000 1.000000
8127.722168 0.000000 418.071899 0.000000 0.126541 0.000000 -0.991961 1.000000 1.000000 1.000000
8150.679199 0.000000 434.321808 0.000000 0.638403 0.000000 -0.769702 1.000000 1.000000 1.000000
8146.633301 0.000000 422.125549 0.000000 0.419591 0.000000 -0.907713 1.000000 1.000000 1.000000
8127.110352 0.000000 444.977844 0.000000 0.162298 0.000000 -0.986742 1.000000 1.000000 1.000000
8091.383301 0.000000 455.555359 0.000000 0.637767 0.000000 -0.770229 1.000000 1.000000 1.000000
8118.069336 0.000000 448.642853 0.000000 0.101913 0.000000 -0.994793 1.000000 1.000000 1.000000
8071.183105 0.000000 477.215027 0.000000 0.775818 0.000000 -0.630956 1.000000 1.000000 1.000000
8079.457031 0.000000 493.248688 0.000000 0.479438 0.000000 -0.877576 1.000000 1.000000 1.000000
8112.774902 0.000000 461.372375 0.000000 0.769330 0.000000 -0.638851 1.000000 1.000000 1.000000
8110.565918 0.000000 449.318756 0.000000 0.778589 0.000000 -0.627535 1.000000 1.000000 1.000000
8118.387695 0.000000 468.416901 0.000000 0.662415 0.000000 -0.749137 1.000000 1.000000 1.000000
8122.680664 0.000000 454.268158 0.000000 0.669784 0.000000 -0.742556 1.000000 1.000000 1.000000
8115.900391 0.000000 455.193848 0.000000 0.089564 0.000000 -0.995981 1.000000 1.000000 1.000000
8116.535645 0.000000 478.113556 0.000000 0.405133 0.000000 -0.914258 1.000000 1.000000 1.000000
8119.709961 0.000000 487.486877 0.000000 0.414809 0.000000 -0.909909 1.000000 1.000000 1.000000
8147.974121 0.000000 506.936890 0.000000 0.575931 0.000000 -0.817498 1.000000 1.000000 1.000000
8149.981934 0.000000 479.322479 0.000000 0.145424 0.000000 -0.989369 1.000000 1.000000 1.000000
8155.375488 0.000000 455.555359 0.000000 0.733483 0.000000 -0.679708 1.000000 1.000000 1.000000
8128.983887 0.000000 490.902008 0.000000 0.696645 0.000000 -0.717416 1.000000 1.000000 1.000000
8182.061523 0.000000 448.642853 0.000000 0.483048 0.000000 -0.875594 1.000000 1.000000 1.000000
8178.705078 0.000000 484.725006 0.000000 0.638922 0.000000 -0.769271 1.000000 1.000000 1.000000
8135.175293 0.000000 477.215027 0.000000 0.304060 0.000000 -0.952653 1.000000 1.000000 1.000000
8160.797363 0.000000 468.802582 0.000000 0.650771 0.000000 -0.759274 1.000000 1.000000 1.000000
8153.978027 0.000000 489.696106 0.000000 0.607509 0.000000 -0.794313 1.000000 1.000000 1.000000
8158.322754 0.000000 503.824402 0.000000 0.743833 0.000000 -0.668366 1.000000 1.000000 1.000000
8148.582520 0.000000 448.244659 0.000000 0.016788 0.000000 -0.999859 1.000000 1.000000 1.000000
8127.238770 0.000000 472.769196 0.000000 0.033714 0.000000 -0.999431 1.000000 1.000000 1.000000
8150.679199 0.000000 498.306183 0.000000 0.055965 0.000000 -0.998433 1.000000 1.000000 1.000000
8172.897461 0.000000 491.191223 0.000000 0.679708 0.000000 -0.733483 1.000000 1.000000 1.000000
8173.145996 0.000000 478.177002 0.000000 0.614989 0.000000 -0.788536 1.000000 1.000000 1.000000
8143.213867 0.000000 474.478210 0.000000 0.697807 0.000000 -0.716286 1.000000 1.000000 1.000000
8162.530762 0.000000 459.035522 0.000000 0.254668 0.000000 -0.967029 1.000000 1.000000 1.000000
8155.780762 0.000000 463.201416 0.000000 0.650280 0.000000 -0.759694 1.000000 1.000000 1.000000
8174.558105 0.000000 449.318756 0.000000 0.206608 0.000000 -0.978424 1.000000 1.000000 1.000000
8179.681641 0.000000 494.209930 0.000000 0.552687 0.000000 -0.833389 1.000000 1.000000 1.000000
8157.724121 0.000000 483.699371 0.000000 0.202383 0.000000 -0.979307 1.000000 1.000000 1.000000
8157.707031 0.000000 496.557770 0.000000 0.399139 0.000000 -0.916891 1.000000 1.000000 1.000000
8180.527832 0.000000 478.113556 0.000000 0.573729 0.000000 -0.819045 1.000000 1.000000 1.000000
8142.591309 0.000000 480.839508 0.000000 0.646623 0.000000 -0.762809 1.000000 1.000000 1.000000
8149.735840 0.000000 462.210327 0.000000 0.862597 0.000000 -0.505892 1.000000 1.000000 1.000000
8137.370117 0.000000 509.588501 0.000000 0.845921 0.000000 -0.533308 1.000000 1.000000 1.000000
8149.073242 0.000000 492.513367 0.000000 0.247794 0.000000 -0.968813 1.000000 1.000000 1.000000
8111.294434 0.000000 533.818298 0.000000 0.033820 0.000000 -0.999428 1.000000 1.000000 1.000000
8074.397461 0.000000 512.661865 0.000000 0.685137 0.000000 -0.728414 1.000000 1.000000 1.000000
8106.001465 0.000000 519.821655 0.000000 0.787466 0.000000 -0.616358 1.000000 1.000000 1.000000
8122.285645 0.000000 538.468018 0.000000 0.839682 0.000000 -0.543078 1.000000 1.000000 1.000000
8108.659180 0.000000 564.330261 0.000000 0.200597 0.000000 -0.979674 1.000000 1.000000 1.000000
8123.566895 0.000000 572.595703 0.000000 0.309038 0.000000 -0.951050 1.000000 1.000000 1.000000
8123.473633 0.000000 555.684448 0.000000 0.761771 0.000000 -0.647847 1.000000 1.000000 1.000000
8122.680664 0.000000 518.252502 0.000000 0.803306 0.000000 -0.595567 1.000000 1.000000 1.000000
8116.535645 0.000000 542.097900 0.000000 0.639695 0.000000 -0.768629 1.000000 1.000000 1.000000
8147.974121 0.000000 570.921265 0.000000 0.660845 0.000000 -0.750523 1.000000 1.000000 1.000000
8175.286621 0.000000 533.818298 0.000000 0.785951 0.000000 -0.618289 1.000000 1.000000 1.000000
8183.648438 0.000000 564.229126 0.000000 0.643218 0.000000 -0.765683 1.000000 1.000000 1.000000
8182.061523 0.000000 512.627258 0.000000 0.756669 0.000000 -0.653798 1.000000 1.000000 1.000000
8135.175293 0.000000 541.199402 0.000000 0.522501 0.000000 -0.852638 1.000000 1.000000 1.000000
8164.356445 0.000000 545.005432 0.000000 0.643773 0.000000 -0.765216 1.000000 1.000000 1.000000
8172.651367 0.000000 564.330261 0.000000 0.397599 0.000000 -0.917559 1.000000 1.000000 1.000000
8162.503906 0.000000 512.437500 0.000000 0.841414 0.000000 -0.540390 1.000000 1.000000 1.000000
8127.722168 0.000000 546.040649 0.000000 0.599740 0.000000 -0.800195 1.000000 1.000000 1.000000
8152.023438 0.000000 534.207153 0.000000 0.849426 0.000000 -0.527708 1.000000 1.000000 1.000000
8146.646973 0.000000 520.898621 0.000000 0.469509 0.000000 -0.882928 1.000000 1.000000 1.000000
8176.767090 0.000000 525.356750 0.000000 0.646867 0.000000 -0.762603 1.000000 1.000000 1.000000
8168.549805 0.000000 528.287170 0.000000 0.055736 0.000000 -0.998446 1.000000 1.000000 1.000000
8127.509277 0.000000 562.991577 0.000000 0.435988 0.000000 -0.899953 1.000000 1.000000 1.000000
8162.530762 0.000000 523.019897 0.000000 0.796424 0.000000 -0.604738 1.000000 1.000000 1.000000
8155.780762 0.000000 527.185791 0.000000 0.550912 0.000000 -0.834563 1.000000 1.000000 1.000000
8146.633301 0.000000 550.094299 0.000000 0.726614 0.000000 -0.687046 1.000000 1.000000 1.000000
8129.325684 0.000000 521.336853 0.000000 0.481521 0.000000 -0.876434 1.000000 1.000000 1.000000
8135.265137 0.000000 555.367493 0.000000 0.188646 0.000000 -0.982045 1.000000 1.000000 1.000000
8127.110352 0.000000 572.946594 0.000000 0.745859 0.000000 -0.666104 1.000000 1.000000 1.000000
8178.184082 0.000000 566.440491 0.000000 0.111678 0.000000 -0.993744 1.000000 1.000000 1.000000
8160.675781 0.000000 552.743591 0.000000 0.289175 0.000000 -0.957276 1.000000 1.000000 1.000000
8132.261230 0.000000 549.907166 0.000000 0.799580 0.000000 -0.600560 1.000000 1.000000 1.000000
8150.489746 0.000000 517.177979 0.000000 0.781108 0.000000 -0.624396 1.000000 1.000000 1.000000
8141.747559 0.000000 523.040100 0.000000 0.755381 0.000000 -0.655286 1.000000 1.000000 1.000000
8133.833008 0.000000 526.778564 0.000000 0.856589 0.000000 -0.515999 1.000000 1.000000 1.000000
8146.884277 0.000000 533.353821 0.000000 0.632711 0.000000 -0.774388 1.000000 1.000000 1.000000
8079.457031 0.000000 621.217468 0.000000 0.191399 0.000000 -0.981512 1.000000 1.000000 1.000000
8089.985840 0.000000 617.664856 0.000000 0.312568 0.000000 -0.949895 1.000000 1.000000 1.000000
8123.566895 0.000000 636.580078 0.000000 0.268431 0.000000 -0.963299 1.000000 1.000000 1.000000
8124.445801 0.000000 596.682983 0.000000 0.512805 0.000000 -0.858505 1.000000 1.000000 1.000000
8114.191895 0.000000 630.424866 0.000000 0.761597 0.000000 -0.648051 1.000000 1.000000 1.000000
8128.510254 0.000000 591.715820 0.000000 0.651563 0.000000 -0.758595 1.000000 1.000000 1.000000
8183.648438 0.000000 628.213501 0.000000 0.832698 0.000000 -0.553727 1.000000 1.000000 1.000000
8155.375488 0.000000 583.524109 0.000000 0.670256 0.000000 -0.742130 1.000000 1.000000 1.000000
8128.983887 0.000000 618.870728 0.000000 0.712880 0.000000 -0.701286 1.000000 1.000000 1.000000
8144.074707 0.000000 593.276978 0.000000 0.093881 0.000000 -0.995583 1.000000 1.000000 1.000000
8135.175293 0.000000 605.183777 0.000000 0.390297 0.000000 -0.920689 1.000000 1.000000 1.000000
8143.449219 0.000000 621.217468 0.000000 0.702315 0.000000 -0.711867 1.000000 1.000000 1.000000
8169.993652 0.000000 583.806030 0.000000 0.362868 0.000000 -0.931841 1.000000 1.000000 1.000000
8160.797363 0.000000 596.771362 0.000000 0.019823 0.000000 -0.999803 1.000000 1.000000 1.000000
8185.418945 0.000000 589.384888 0.000000 0.225686 0.000000 -0.974200 1.000000 1.000000 1.000000
8164.356445 0.000000 608.989807 0.000000 0.663185 0.000000 -0.748456 1.000000 1.000000 1.000000
8136.683594 0.000000 586.104858 0.000000 0.821461 0.000000 -0.570265 1.000000 1.000000 1.000000
8138.380859 0.000000 613.667419 0.000000 0.156306 0.000000 -0.987709 1.000000 1.000000 1.000000
8152.023438 0.000000 598.191528 0.000000 0.369012 0.000000 -0.929425 1.000000 1.000000 1.000000
8172.897461 0.000000 619.159973 0.000000 0.775608 0.000000 -0.631215 1.000000 1.000000 1.000000
8146.646973 0.000000 584.882996 0.000000 0.690788 0.000000 -0.723058 1.000000 1.000000 1.000000
8168.549805 0.000000 592.271545 0.000000 0.028581 0.000000 -0.999591 1.000000 1.000000 1.000000
8173.145996 0.000000 606.145752 0.000000 0.681620 0.000000 -0.731706 1.000000 1.000000 1.000000
8135.809570 0.000000 596.187500 0.000000 0.507906 0.000000 -0.861412 1.000000 1.000000 1.000000
8157.941895 0.000000 604.118774 0.000000 0.193996 0.000000 -0.981002 1.000000 1.000000 1.000000
8166.936035 0.000000 601.443115 0.000000 0.843372 0.000000 -0.537331 1.000000 1.000000 1.000000
8157.707031 0.000000 624.526489 0.000000 0.432844 0.000000 -0.901469 1.000000 1.000000 1.000000
8135.265137 0.000000 619.351868 0.000000 0.006343 0.000000 -0.999980 1.000000 1.000000 1.000000
8133.796387 0.000000 580.546814 0.000000 0.561967 0.000000 -0.827160 1.000000 1.000000 1.000000
8143.601074 0.000000 579.614075 0.000000 0.452108 0.000000 -0.891963 1.000000 1.000000 1.000000
8145.089355 0.000000 628.303589 0.000000 0.545757 0.000000 -0.837943 1.000000 1.000000 1.000000
8094.330566 0.000000 695.777527 0.000000 0.318928 0.000000 -0.947779 1.000000 1.000000 1.000000
8102.863281 0.000000 679.282898 0.000000 0.067364 0.000000 -0.997728 1.000000 1.000000 1.000000
8124.663574 0.000000 640.650269 0.000000 0.398356 0.000000 -0.917231 1.000000 1.000000 1.000000
8169.993652 0.000000 647.790405 0.000000 0.286998 0.000000 -0.957931 1.000000 1.000000 1.000000
8162.503906 0.000000 640.406250 0.000000 0.143609 0.000000 -0.989634 1.000000 1.000000 1.000000
8179.681641 0.000000 686.163025 0.000000 0.732089 0.000000 -0.681209 1.000000 1.000000 1.000000
8155.512695 0.000000 702.817078 0.000000 0.370496 0.000000 -0.928834 1.000000 1.000000 1.000000
8129.325684 0.000000 649.305603 0.000000 0.267913 0.000000 -0.963443 1.000000 1.000000 1.000000
8149.735840 0.000000 654.163452 0.000000 0.860210 0.000000 -0.509940 1.000000 1.000000 1.000000
8143.601074 0.000000 643.598450 0.000000 0.555824 0.000000 -0.831300 1.000000 1.000000 1.000000
8111.294434 0.000000 725.771423 0.000000 0.404474 0.000000 -0.914550 1.000000 1.000000 1.000000
8091.383301 0.000000 711.492859 0.000000 0.844604 0.000000 -0.535391 1.000000 1.000000 1.000000
8100.220703 0.000000 749.745728 0.000000 0.304286 0.000000 -0.952581 1.000000 1.000000 1.000000
8103.337402 0.000000 765.768738 0.000000 0.730217 0.000000 -0.683215 1.000000 1.000000 1.000000
8121.426758 0.000000 717.353638 0.000000 0.786452 0.000000 -0.617651 1.000000 1.000000 1.000000
8098.511719 0.000000 704.390625 0.000000 0.651624 0.000000 -0.758542 1.000000 1.000000 1.000000
8147.974121 0.000000 762.874390 0.000000 0.765271 0.000000 -0.643709 1.000000 1.000000 1.000000
8128.510254 0.000000 719.684570 0.000000 0.825185 0.000000 -0.564863 1.000000 1.000000 1.000000
8175.286621 0.000000 725.771423 0.000000 0.550591 0.000000 -0.834775 1.000000 1.000000 1.000000
8164.212891 0.000000 749.745728 0.000000 0.579165 0.000000 -0.815211 1.000000 1.000000 1.000000
8178.705078 0.000000 740.662537 0.000000 0.289952 0.000000 -0.957041 1.000000 1.000000 1.000000
8143.449219 0.000000 749.186218 0.000000 0.455315 0.000000 -0.890330 1.000000 1.000000 1.000000
8169.993652 0.000000 711.774780 0.000000 0.316449 0.000000 -0.948610 1.000000 1.000000 1.000000
8160.797363 0.000000 724.740112 0.000000 0.265006 0.000000 -0.964247 1.000000 1.000000 1.000000
8164.356445 0.000000 736.958557 0.000000 0.394472 0.000000 -0.918908 1.000000 1.000000 1.000000
8153.978027 0.000000 745.633606 0.000000 0.045840 0.000000 -0.998949 1.000000 1.000000 1.000000
8187.559082 0.000000 764.548828 0.000000 0.823683 0.000000 -0.567050 1.000000 1.000000 1.000000
8177.370117 0.000000 764.220581 0.000000 0.639267 0.000000 -0.768985 1.000000 1.000000 1.000000
8152.023438 0.000000 726.160278 0.000000 0.206888 0.000000 -0.978365 1.000000 1.000000 1.000000
8150.679199 0.000000 754.243713 0.000000 0.825565 0.000000 -0.564306 1.000000 1.000000 1.000000
8135.809570 0.000000 724.156250 0.000000 0.594285 0.000000 -0.804255 1.000000 1.000000 1.000000
8157.941895 0.000000 732.087524 0.000000 0.804793 0.000000 -0.593555 1.000000 1.000000 1.000000
8186.672852 0.000000 710.205627 0.000000 0.459577 0.000000 -0.888138 1.000000 1.000000 1.000000
8157.707031 0.000000 752.495239 0.000000 0.698893 0.000000 -0.715226 1.000000 1.000000 1.000000
8166.855469 0.000000 743.267273 0.000000 0.232098 0.000000 -0.972692 1.000000 1.000000 1.000000
8165.959961 0.000000 756.216614 0.000000 0.207665 0.000000 -0.978200 1.000000 1.000000 1.000000
8178.184082 0.000000 758.393616 0.000000 0.211237 0.000000 -0.977435 1.000000 1.000000 1.000000
8183.702148 0.000000 743.424377 0.000000 0.201398 0.000000 -0.979510 1.000000 1.000000 1.000000
8171.955078 0.000000 762.049866 0.000000 0.778616 0.000000 -0.627501 1.000000 1.000000 1.000000
8111.294434 0.000000 789.755798 0.000000 0.546175 0.000000 -0.837671 1.000000 1.000000 1.000000
8119.656250 0.000000 820.166626 0.000000 0.554882 0.000000 -0.831929 1.000000 1.000000 1.000000
8085.989746 0.000000 799.244385 0.000000 0.777971 0.000000 -0.628300 1.000000 1.000000 1.000000
8091.383301 0.000000 775.477234 0.000000 0.214346 0.000000 -0.976758 1.000000 1.000000 1.000000
8118.069336 0.000000 768.564758 0.000000 0.766525 0.000000 -0.642215 1.000000 1.000000 1.000000
8121.426758 0.000000 781.338013 0.000000 0.646856 0.000000 -0.762612 1.000000 1.000000 1.000000
8109.153809 0.000000 798.098877 0.000000 0.361367 0.000000 -0.932424 1.000000 1.000000 1.000000
8128.510254 0.000000 783.668945 0.000000 0.859197 0.000000 -0.511645 1.000000 1.000000 1.000000
8175.286621 0.000000 789.755798 0.000000 0.789488 0.000000 -0.613766 1.000000 1.000000 1.000000
8149.981934 0.000000 799.244385 0.000000 0.283682 0.000000 -0.958919 1.000000 1.000000 1.000000
8155.375488 0.000000 775.477234 0.000000 0.751500 0.000000 -0.659733 1.000000 1.000000 1.000000
8132.569824 0.000000 826.368530 0.000000 0.721090 0.000000 -0.692841 1.000000 1.000000 1.000000
8143.449219 0.000000 813.170593 0.000000 0.864709 0.000000 -0.502273 1.000000 1.000000 1.000000
8127.380859 0.000000 771.105591 0.000000 0.071502 0.000000 -0.997440 1.000000 1.000000 1.000000
8162.503906 0.000000 768.375000 0.000000 0.096838 0.000000 -0.995300 1.000000 1.000000 1.000000
8136.683594 0.000000 778.057983 0.000000 0.771751 0.000000 -0.635925 1.000000 1.000000 1.000000
8148.582520 0.000000 768.166504 0.000000 0.326740 0.000000 -0.945114 1.000000 1.000000 1.000000
8187.465820 0.000000 811.621948 0.000000 0.766125 0.000000 -0.642692 1.000000 1.000000 1.000000
8138.380859 0.000000 805.620544 0.000000 0.369913 0.000000 -0.929067 1.000000 1.000000 1.000000
8127.238770 0.000000 792.691040 0.000000 0.015481 0.000000 -0.999880 1.000000 1.000000 1.000000
8127.722168 0.000000 801.978149 0.000000 0.460692 0.000000 -0.887560 1.000000 1.000000 1.000000
8150.679199 0.000000 818.228088 0.000000 0.154931 0.000000 -0.987925 1.000000 1.000000 1.000000
8173.145996 0.000000 798.098877 0.000000 0.689247 0.000000 -0.724526 1.000000 1.000000 1.000000
8143.213867 0.000000 794.400085 0.000000 0.656131 0.000000 -0.754647 1.000000 1.000000 1.000000
8127.509277 0.000000 818.929077 0.000000 0.830108 0.000000 -0.557603 1.000000 1.000000 1.000000
8188.278320 0.000000 803.964417 0.000000 0.160944 0.000000 -0.986963 1.000000 1.000000 1.000000
8146.633301 0.000000 806.031799 0.000000 0.258007 0.000000 -0.966143 1.000000 1.000000 1.000000
8182.379883 0.000000 788.338806 0.000000 0.706404 0.000000 -0.707809 1.000000 1.000000 1.000000
8157.724121 0.000000 803.621277 0.000000 0.217887 0.000000 -0.975974 1.000000 1.000000 1.000000
8186.672852 0.000000 774.190002 0.000000 0.067161 0.000000 -0.997742 1.000000 1.000000 1.000000
8166.855469 0.000000 807.251648 0.000000 0.541126 0.000000 -0.840941 1.000000 1.000000 1.000000
8149.735840 0.000000 782.132202 0.000000 0.685029 0.000000 -0.728516 1.000000 1.000000 1.000000
8172.224121 0.000000 804.202026 0.000000 0.511716 0.000000 -0.859155 1.000000 1.000000 1.000000
8188.437988 0.000000 788.636108 0.000000 0.288689 0.000000 -0.957423 1.000000 1.000000 1.000000
8160.675781 0.000000 808.681091 0.000000 0.010089 0.000000 -0.999949 1.000000 1.000000 1.000000
8185.311523 0.000000 799.801575 0.000000 0.692837 0.000000 -0.721094 1.000000 1.000000 1.000000
8174.861328 0.000000 776.686768 0.000000 0.572541 0.000000 -0.819876 1.000000 1.000000 1.000000
8163.297363 0.000000 784.362549 0.000000 0.475991 0.000000 -0.879450 1.000000 1.000000 1.000000
8162.103027 0.000000 793.421692 0.000000 0.766378 0.000000 -0.642390 1.000000 1.000000 1.000000
8111.294434 0.000000 853.740173 0.000000 0.482071 0.000000 -0.876132 1.000000 1.000000 1.000000
8121.426758 0.000000 845.322388 0.000000 0.353826 0.000000 -0.935311 1.000000 1.000000 1.000000
8128.510254 0.000000 847.653320 0.000000 0.403166 0.000000 -0.915127 1.000000 1.000000 1.000000
8149.981934 0.000000 863.228760 0.000000 0.704452 0.000000 -0.709752 1.000000 1.000000 1.000000
8182.061523 0.000000 832.549133 0.000000 0.294589 0.000000 -0.955624 1.000000 1.000000 1.000000
8186.277832 0.000000 858.389893 0.000000 0.570334 0.000000 -0.821413 1.000000 1.000000 1.000000
8162.503906 0.000000 832.359375 0.000000 0.007469 0.000000 -0.999972 1.000000 1.000000 1.000000
8146.646973 0.000000 840.820496 0.000000 0.355899 0.000000 -0.934524 1.000000 1.000000 1.000000
8147.974121 0.000000 954.827515 0.000000 0.672351 0.000000 -0.740232 1.000000 1.000000 1.000000
8175.286621 0.000000 917.724548 0.000000 0.126934 0.000000 -0.991911 1.000000 1.000000 1.000000
8164.212891 0.000000 941.698853 0.000000 0.241569 0.000000 -0.970384 1.000000 1.000000 1.000000
8178.705078 0.000000 932.615662 0.000000 0.844897 0.000000 -0.534928 1.000000 1.000000 1.000000
8158.322754 0.000000 951.715027 0.000000 0.863746 0.000000 -0.503927 1.000000 1.000000 1.000000
8172.651367 0.000000 948.236511 0.000000 0.756791 0.000000 -0.653656 1.000000 1.000000 1.000000
8177.370117 0.000000 956.173706 0.000000 0.114019 0.000000 -0.993479 1.000000 1.000000 1.000000
8103.337402 0.000000 1021.706238 0.000000 0.791785 0.000000 -0.610800 1.000000 1.000000 1.000000
8122.285645 0.000000 986.358643 0.000000 0.581432 0.000000 -0.813595 1.000000 1.000000 1.000000
8108.659180 0.000000 1012.220886 0.000000 0.858102 0.000000 -0.513480 1.000000 1.000000 1.000000
8113.377930 0.000000 1020.158081 0.000000 0.820984 0.000000 -0.570952 1.000000 1.000000 1.000000
8175.286621 0.000000 981.708923 0.000000 0.857062 0.000000 -0.515213 1.000000 1.000000 1.000000
8183.648438 0.000000 1012.119751 0.000000 0.038529 0.000000 -0.999258 1.000000 1.000000 1.000000
8164.212891 0.000000 1005.683228 0.000000 0.307106 0.000000 -0.951675 1.000000 1.000000 1.000000
8132.569824 0.000000 1018.321655 0.000000 0.752769 0.000000 -0.658285 1.000000 1.000000 1.000000
8144.074707 0.000000 977.183228 0.000000 0.532918 0.000000 -0.846167 1.000000 1.000000 1.000000
8143.449219 0.000000 1005.123718 0.000000 0.107522 0.000000 -0.994203 1.000000 1.000000 1.000000
8169.993652 0.000000 967.712280 0.000000 0.620284 0.000000 -0.784377 1.000000 1.000000 1.000000
8185.418945 0.000000 973.291138 0.000000 0.767334 0.000000 -0.641247 1.000000 1.000000 1.000000
8153.978027 0.000000 1001.571106 0.000000 0.482534 0.000000 -0.875877 1.000000 1.000000 1.000000
8172.651367 0.000000 1012.220886 0.000000 0.192542 0.000000 -0.981289 1.000000 1.000000 1.000000
8148.582520 0.000000 960.119629 0.000000 0.828582 0.000000 -0.559867 1.000000 1.000000 1.000000
8138.380859 0.000000 997.573669 0.000000 0.101246 0.000000 -0.994861 1.000000 1.000000 1.000000
8172.897461 0.000000 1003.066223 0.000000 0.460362 0.000000 -0.887731 1.000000 1.000000 1.000000
8146.646973 0.000000 968.789246 0.000000 0.829698 0.000000 -0.558212 1.000000 1.000000 1.000000
8173.145996 0.000000 990.052002 0.000000 0.532188 0.000000 -0.846626 1.000000 1.000000 1.000000
8162.530762 0.000000 970.910522 0.000000 0.782498 0.000000 -0.622653 1.000000 1.000000 1.000000
8166.936035 0.000000 985.349365 0.000000 0.570512 0.000000 -0.821290 1.000000 1.000000 1.000000
8157.707031 0.000000 1008.432739 0.000000 0.533160 0.000000 -0.846015 1.000000 1.000000 1.000000
8091.383301 0.000000 1031.414673 0.000000 0.370219 0.000000 -0.928944 1.000000 1.000000 1.000000
8118.069336 0.000000 1024.502197 0.000000 0.677967 0.000000 -0.735093 1.000000 1.000000 1.000000
8114.712891 0.000000 1060.584351 0.000000 0.785207 0.000000 -0.619234 1.000000 1.000000 1.000000
8123.473633 0.000000 1067.559448 0.000000 0.824351 0.000000 -0.566079 1.000000 1.000000 1.000000
8128.510254 0.000000 1039.606445 0.000000 0.761526 0.000000 -0.648134 1.000000 1.000000 1.000000
8155.375488 0.000000 1031.414673 0.000000 0.048150 0.000000 -0.998840 1.000000 1.000000 1.000000
8132.569824 0.000000 1082.306030 0.000000 0.797018 0.000000 -0.603956 1.000000 1.000000 1.000000
8169.993652 0.000000 1031.696655 0.000000 0.380684 0.000000 -0.924705 1.000000 1.000000 1.000000
8127.380859 0.000000 1027.043091 0.000000 0.566300 0.000000 -0.824199 1.000000 1.000000 1.000000
8153.978027 0.000000 1065.555542 0.000000 0.135784 0.000000 -0.990738 1.000000 1.000000 1.000000
8162.503906 0.000000 1024.312500 0.000000 0.619266 0.000000 -0.785181 1.000000 1.000000 1.000000
8148.582520 0.000000 1024.104004 0.000000 0.601976 0.000000 -0.798514 1.000000 1.000000 1.000000
8127.238770 0.000000 1048.628540 0.000000 0.219637 0.000000 -0.975582 1.000000 1.000000 1.000000
8127.722168 0.000000 1057.915649 0.000000 0.273772 0.000000 -0.961795 1.000000 1.000000 1.000000
8172.897461 0.000000 1067.050537 0.000000 0.407303 0.000000 -0.913293 1.000000 1.000000 1.000000
8146.646973 0.000000 1032.773560 0.000000 0.604977 0.000000 -0.796243 1.000000 1.000000 1.000000
8173.145996 0.000000 1054.036377 0.000000 0.643070 0.000000 -0.765807 1.000000 1.000000 1.000000
8143.213867 0.000000 1050.337646 0.000000 0.560480 0.000000 -0.828168 1.000000 1.000000 1.000000
8135.809570 0.000000 1044.078125 0.000000 0.666318 0.000000 -0.745667 1.000000 1.000000 1.000000
8162.530762 0.000000 1034.894897 0.000000 0.407936 0.000000 -0.913011 1.000000 1.000000 1.000000
8188.278320 0.000000 1059.901855 0.000000 0.685277 0.000000 -0.728283 1.000000 1.000000 1.000000
8182.379883 0.000000 1044.276245 0.000000 0.681600 0.000000 -0.731725 1.000000 1.000000 1.000000
8157.724121 0.000000 1059.558716 0.000000 0.806480 0.000000 -0.591262 1.000000 1.000000 1.000000
8186.672852 0.000000 1030.127563 0.000000 0.718990 0.000000 -0.695021 1.000000 1.000000 1.000000
8157.707031 0.000000 1072.417114 0.000000 0.261648 0.000000 -0.965163 1.000000 1.000000 1.000000
8179.892578 0.000000 1031.053223 0.000000 0.078179 0.000000 -0.996939 1.000000 1.000000 1.000000
8166.855469 0.000000 1063.189087 0.000000 0.132143 0.000000 -0.991231 1.000000 1.000000 1.000000
8129.325684 0.000000 1033.211792 0.000000 0.550657 0.000000 -0.834732 1.000000 1.000000 1.000000
8149.735840 0.000000 1038.069702 0.000000 0.775238 0.000000 -0.631669 1.000000 1.000000 1.000000
8133.796387 0.000000 1028.437500 0.000000 0.063785 0.000000 -0.997964 1.000000 1.000000 1.000000
8143.601074 0.000000 1027.504761 0.000000 0.553406 0.000000 -0.832911 1.000000 1.000000 1.000000
8138.389648 0.000000 1088.521240 0.000000 0.591062 0.000000 -0.806626 1.000000 1.000000 1.000000
8144.074707 0.000000 1105.151978 0.000000 0.355803 0.000000 -0.934561 1.000000 1.000000 1.000000
8162.503906 0.000000 1088.296875 0.000000 0.374004 0.000000 -0.927427 1.000000 1.000000 1.000000
8148.582520 0.000000 1088.088379 0.000000 0.143064 0.000000 -0.989713 1.000000 1.000000 1.000000
8164.356445 0.000000 1184.849121 0.000000 0.234836 0.000000 -0.972035 1.000000 1.000000 1.000000
8187.465820 0.000000 1195.528198 0.000000 0.705718 0.000000 -0.708493 1.000000 1.000000 1.000000
8182.061523 0.000000 1216.455322 0.000000 0.409813 0.000000 -0.912170 1.000000 1.000000 1.000000
8185.418945 0.000000 1229.228638 0.000000 0.260077 0.000000 -0.965588 1.000000 1.000000 1.000000
8186.277832 0.000000 1242.296143 0.000000 0.422225 0.000000 -0.906491 1.000000 1.000000 1.000000
8167.329590 0.000000 1341.628174 0.000000 0.591375 0.000000 -0.806396 1.000000 1.000000 1.000000
8182.061523 0.000000 1344.424072 0.000000 0.335758 0.000000 -0.941948 1.000000 1.000000 1.000000
8178.705078 0.000000 1380.506226 0.000000 0.399774 0.000000 -0.916614 1.000000 1.000000 1.000000
8160.797363 0.000000 1364.583862 0.000000 0.653585 0.000000 -0.756853 1.000000 1.000000 1.000000
8164.356445 0.000000 1376.802246 0.000000 0.748164 0.000000 -0.663514 1.000000 1.000000 1.000000
8158.322754 0.000000 1399.605713 0.000000 0.414934 0.000000 -0.909851 1.000000 1.000000 1.000000
8176.767090 0.000000 1357.153564 0.000000 0.363441 0.000000 -0.931617 1.000000 1.000000 1.000000
8173.145996 0.000000 1373.958252 0.000000 0.291438 0.000000 -0.956590 1.000000 1.000000 1.000000
8165.959961 0.000000 1396.060425 0.000000 0.818556 0.000000 -0.574427 1.000000 1.000000 1.000000
8189.175293 0.000000 1394.758057 0.000000 0.432943 0.000000 -0.901421 1.000000 1.000000 1.000000
8128.510254 0.000000 1423.512695 0.000000 0.656408 0.000000 -0.754406 1.000000 1.000000 1.000000
8175.286621 0.000000 1429.599609 0.000000 0.424229 0.000000 -0.905555 1.000000 1.000000 1.000000
8155.375488 0.000000 1415.320923 0.000000 0.625928 0.000000 -0.779881 1.000000 1.000000 1.000000
8182.061523 0.000000 1408.408447 0.000000 0.745894 0.000000 -0.666065 1.000000 1.000000 1.000000
8164.356445 0.000000 1440.786621 0.000000 0.774894 0.000000 -0.632092 1.000000 1.000000 1.000000
8186.277832 0.000000 1434.249268 0.000000 0.828665 0.000000 -0.559745 1.000000 1.000000 1.000000
8173.145996 0.000000 1437.942627 0.000000 0.346318 0.000000 -0.938117 1.000000 1.000000 1.000000
8188.278320 0.000000 1443.808105 0.000000 0.748703 0.000000 -0.662905 1.000000 1.000000 1.000000
8174.558105 0.000000 1409.084351 0.000000 0.602854 0.000000 -0.797851 1.000000 1.000000 1.000000
8186.672852 0.000000 1414.033813 0.000000 0.224204 0.000000 -0.974542 1.000000 1.000000 1.000000
8179.892578 0.000000 1414.959473 0.000000 0.078611 0.000000 -0.996905 1.000000 1.000000 1.000000
8188.655762 0.000000 1408.462769 0.000000 0.243206 0.000000 -0.969975 1.000000 1.000000 1.000000
"}
