object={
	name="tree_leaf_2_high_generator_1_0"
	clamp_to_water_level=no
	render_under_water=no
	generated_content=yes
	layer="tree_high_layer"
	pdxmesh="tree_leaf_01_a_mesh"
	count=454
	transform="3505.940186 0.000000 700.236206 0.000000 0.365981 0.000000 0.930623 0.582083 0.582083 0.582083
3510.631592 0.000000 704.580383 0.000000 0.254990 0.000000 0.966944 0.562632 0.562632 0.562632
3508.462402 0.000000 711.131348 0.000000 0.521565 0.000000 0.853212 0.567848 0.567848 0.567848
3503.431396 0.000000 712.702393 0.000000 0.580233 0.000000 0.814451 0.585743 0.585743 0.585743
3553.359619 0.000000 724.740112 0.000000 0.918837 0.000000 0.394638 0.590885 0.590885 0.590885
3520.284424 0.000000 737.993774 0.000000 0.800793 0.000000 0.598941 0.592305 0.592305 0.592305
3561.112061 0.000000 720.240295 0.000000 0.459781 0.000000 0.888033 0.590176 0.590176 0.590176
3527.827393 0.000000 747.320618 0.000000 0.658488 0.000000 0.752591 0.575752 0.575752 0.575752
3524.823242 0.000000 741.860291 0.000000 0.915833 0.000000 0.401559 0.584526 0.584526 0.584526
3555.859375 0.000000 720.378174 0.000000 0.964386 0.000000 0.264499 0.589976 0.589976 0.589976
3527.737061 0.000000 738.011475 0.000000 0.808801 0.000000 0.588083 0.583991 0.583991 0.583991
3524.839111 0.000000 745.502319 0.000000 0.126453 0.000000 0.991973 0.543762 0.543762 0.543762
3528.008057 0.000000 743.753723 0.000000 0.568316 0.000000 0.822811 0.572497 0.572497 0.572497
3522.378662 0.000000 743.770386 0.000000 0.912339 0.000000 0.409435 0.583571 0.583571 0.583571
4088.148193 0.000000 628.213501 0.000000 0.645038 0.000000 0.764151 0.581761 0.581761 0.581761
4092.059082 0.000000 636.580078 0.000000 0.807395 0.000000 0.590011 0.544227 0.544227 0.544227
4093.675293 0.000000 626.945557 0.000000 0.938682 0.000000 0.344783 0.586291 0.586291 0.586291
4094.866699 0.000000 631.929199 0.000000 0.820982 0.000000 0.570954 0.552667 0.552667 0.552667
4090.692383 0.000000 631.420593 0.000000 0.968706 0.000000 0.248211 0.587977 0.587977 0.587977
4094.462402 0.000000 638.514343 0.000000 0.940774 0.000000 0.339034 0.560623 0.560623 0.560623
4092.386475 0.000000 629.321472 0.000000 0.856909 0.000000 0.515468 0.571608 0.571608 0.571608
4094.179199 0.000000 636.338623 0.000000 0.861411 0.000000 0.507909 0.543340 0.543340 0.543340
4083.204834 0.000000 676.678162 0.000000 0.874541 0.000000 0.484951 0.597725 0.597725 0.597725
4089.918701 0.000000 653.369263 0.000000 0.992288 0.000000 0.123957 0.586597 0.586597 0.586597
4090.777588 0.000000 666.436768 0.000000 0.900833 0.000000 0.434165 0.546181 0.546181 0.546181
4086.879639 0.000000 660.370056 0.000000 0.741072 0.000000 0.671426 0.528326 0.528326 0.528326
4091.172363 0.000000 646.221252 0.000000 0.989078 0.000000 0.147392 0.584267 0.584267 0.584267
4085.027344 0.000000 670.066650 0.000000 0.642708 0.000000 0.766111 0.555550 0.555550 0.555550
4078.080811 0.000000 657.174561 0.000000 0.086926 0.000000 0.996215 0.575552 0.575552 0.575552
4093.522217 0.000000 650.111572 0.000000 0.885093 0.000000 0.465414 0.533286 0.533286 0.533286
4087.285645 0.000000 675.135132 0.000000 0.322663 0.000000 0.946514 0.547897 0.547897 0.547897
4081.207520 0.000000 668.227417 0.000000 0.788077 0.000000 0.615577 0.582121 0.582121 0.582121
4089.610840 0.000000 657.635376 0.000000 0.926789 0.000000 0.375581 0.557321 0.557321 0.557321
4087.412842 0.000000 644.398071 0.000000 0.628524 0.000000 0.777790 0.541266 0.541266 0.541266
4094.166992 0.000000 664.159485 0.000000 0.526654 0.000000 0.850080 0.435613 0.435613 0.435613
4094.693848 0.000000 646.746704 0.000000 0.276363 0.000000 0.961053 0.416317 0.416317 0.416317
4088.015137 0.000000 648.037048 0.000000 0.952803 0.000000 0.303591 0.570429 0.570429 0.570429
4089.885498 0.000000 641.812073 0.000000 0.153053 0.000000 0.988218 0.502352 0.502352 0.502352
4084.424316 0.000000 673.656799 0.000000 0.999999 0.000000 0.001139 0.599954 0.599954 0.599954
4093.095215 0.000000 672.925964 0.000000 0.116046 0.000000 0.993244 0.467098 0.467098 0.467098
4094.364746 0.000000 653.234497 0.000000 0.388807 0.000000 0.921319 0.412240 0.412240 0.412240
4086.738525 0.000000 663.625000 0.000000 0.090418 0.000000 0.995904 0.458092 0.458092 0.458092
4093.387207 0.000000 644.000793 0.000000 0.521742 0.000000 0.853103 0.479072 0.479072 0.479072
4090.488281 0.000000 650.396912 0.000000 0.497295 0.000000 0.867582 0.474136 0.474136 0.474136
4087.033447 0.000000 672.249207 0.000000 0.470130 0.000000 0.882597 0.540067 0.540067 0.540067
4087.332520 0.000000 653.535522 0.000000 0.526068 0.000000 0.850443 0.510135 0.510135 0.510135
4094.389160 0.000000 658.436401 0.000000 0.000976 0.000000 1.000000 0.338986 0.338986 0.338986
4095.407959 0.000000 676.201904 0.000000 0.439017 0.000000 0.898479 0.516394 0.516394 0.516394
4089.930908 0.000000 644.140991 0.000000 0.832133 0.000000 0.554577 0.550688 0.550688 0.550688
4092.162109 0.000000 663.062805 0.000000 0.691513 0.000000 0.722364 0.477876 0.477876 0.477876
4088.411865 0.000000 651.484131 0.000000 0.994670 0.000000 0.103110 0.589479 0.589479 0.589479
4087.486816 0.000000 658.259705 0.000000 0.841496 0.000000 0.540263 0.546139 0.546139 0.546139
4091.830322 0.000000 671.158081 0.000000 0.799084 0.000000 0.601219 0.538163 0.538163 0.538163
4089.035156 0.000000 646.169861 0.000000 0.245558 0.000000 0.969382 0.481121 0.481121 0.481121
4094.823242 0.000000 674.108276 0.000000 0.996942 0.000000 0.078150 0.593321 0.593321 0.593321
4094.737793 0.000000 671.439819 0.000000 0.869315 0.000000 0.494258 0.539597 0.539597 0.539597
4092.528564 0.000000 654.373413 0.000000 0.718362 0.000000 0.695669 0.485909 0.485909 0.485909
4091.150879 0.000000 673.309082 0.000000 0.936572 0.000000 0.350476 0.571036 0.571036 0.571036
4088.009521 0.000000 662.032532 0.000000 0.496719 0.000000 0.867912 0.480353 0.480353 0.480353
4092.854492 0.000000 646.867371 0.000000 0.958676 0.000000 0.284501 0.563701 0.563701 0.563701
4089.052979 0.000000 667.128906 0.000000 0.058298 0.000000 0.998299 0.443676 0.443676 0.443676
4090.790771 0.000000 664.453857 0.000000 0.996188 0.000000 0.087233 0.588748 0.588748 0.588748
4093.764893 0.000000 662.320068 0.000000 0.826502 0.000000 0.562934 0.509538 0.509538 0.509538
4093.824707 0.000000 648.360962 0.000000 0.950265 0.000000 0.311443 0.558252 0.558252 0.558252
4095.094238 0.000000 644.684021 0.000000 0.999865 0.000000 0.016449 0.597758 0.597758 0.597758
4094.548096 0.000000 660.179749 0.000000 0.999352 0.000000 0.035983 0.593854 0.593854 0.593854
4094.926514 0.000000 651.239258 0.000000 0.674367 0.000000 0.738397 0.470591 0.470591 0.470591
4091.792236 0.000000 656.868774 0.000000 0.957760 0.000000 0.287569 0.561987 0.561987 0.561987
4094.857178 0.000000 649.503784 0.000000 0.992156 0.000000 0.125004 0.581414 0.581414 0.581414
4094.620605 0.000000 656.988464 0.000000 0.814337 0.000000 0.580393 0.497044 0.497044 0.497044
4095.451660 0.000000 663.227173 0.000000 0.192457 0.000000 0.981305 0.366899 0.366899 0.366899
4101.061523 0.000000 634.415405 0.000000 0.732323 0.000000 0.680958 0.491161 0.491161 0.491161
4111.940918 0.000000 621.217468 0.000000 0.291881 0.000000 0.956455 0.563724 0.563724 0.563724
4104.061523 0.000000 625.727600 0.000000 0.836081 0.000000 0.548607 0.559117 0.559117 0.559117
4096.000977 0.000000 626.975952 0.000000 0.848788 0.000000 0.528732 0.564951 0.564951 0.564951
4126.199219 0.000000 624.526489 0.000000 0.940533 0.000000 0.339701 0.593251 0.593251 0.593251
4134.452148 0.000000 628.247864 0.000000 0.981967 0.000000 0.189054 0.594872 0.594872 0.594872
4113.581543 0.000000 628.303589 0.000000 0.640713 0.000000 0.767780 0.518703 0.518703 0.518703
4105.861816 0.000000 637.557251 0.000000 0.762960 0.000000 0.646445 0.472597 0.472597 0.472597
4101.078125 0.000000 639.797058 0.000000 0.240641 0.000000 0.970614 0.381220 0.381220 0.381220
4100.411621 0.000000 629.280212 0.000000 0.737408 0.000000 0.675448 0.526686 0.526686 0.526686
4104.761230 0.000000 630.685913 0.000000 0.866395 0.000000 0.499360 0.533427 0.533427 0.533427
4115.273926 0.000000 624.197266 0.000000 0.611460 0.000000 0.791276 0.553507 0.553507 0.553507
4107.558594 0.000000 621.513367 0.000000 0.136603 0.000000 0.990626 0.550603 0.550603 0.550603
4120.696289 0.000000 635.944153 0.000000 0.331839 0.000000 0.943336 0.450453 0.450453 0.450453
4117.270996 0.000000 630.205505 0.000000 0.141339 0.000000 0.989961 0.477991 0.477991 0.477991
4117.983398 0.000000 638.566833 0.000000 0.211746 0.000000 0.977325 0.384466 0.384466 0.384466
4146.353027 0.000000 639.834473 0.000000 0.454587 0.000000 0.890702 0.562141 0.562141 0.562141
4109.121582 0.000000 635.879333 0.000000 0.434281 0.000000 0.900778 0.420239 0.420239 0.420239
4098.985352 0.000000 637.161011 0.000000 0.766308 0.000000 0.642474 0.501757 0.501757 0.501757
4104.406250 0.000000 634.506104 0.000000 0.963200 0.000000 0.268787 0.555160 0.555160 0.555160
4102.753418 0.000000 637.156006 0.000000 0.008723 0.000000 0.999962 0.330914 0.330914 0.330914
4114.973145 0.000000 637.705017 0.000000 0.396402 0.000000 0.918077 0.434473 0.434473 0.434473
4100.909180 0.000000 626.152710 0.000000 0.849124 0.000000 0.528193 0.554988 0.554988 0.554988
4112.511230 0.000000 625.442017 0.000000 0.341982 0.000000 0.939707 0.528625 0.528625 0.528625
4106.645996 0.000000 624.359436 0.000000 0.928769 0.000000 0.370659 0.572698 0.572698 0.572698
4121.168457 0.000000 628.550598 0.000000 0.229835 0.000000 0.973230 0.513761 0.513761 0.513761
4103.041016 0.000000 628.467773 0.000000 0.945401 0.000000 0.325911 0.565191 0.565191 0.565191
4132.938477 0.000000 630.637878 0.000000 0.668283 0.000000 0.743908 0.556019 0.556019 0.556019
4123.774902 0.000000 630.879578 0.000000 0.966931 0.000000 0.255040 0.579140 0.579140 0.579140
4097.450195 0.000000 635.020020 0.000000 0.911198 0.000000 0.411968 0.551025 0.551025 0.551025
4121.312500 0.000000 638.959351 0.000000 0.896544 0.000000 0.442955 0.528512 0.528512 0.528512
4098.466797 0.000000 627.096191 0.000000 0.999995 0.000000 0.003192 0.599771 0.599771 0.599771
4141.399902 0.000000 636.366272 0.000000 0.254101 0.000000 0.967178 0.519308 0.519308 0.519308
4137.424805 0.000000 639.790527 0.000000 0.853759 0.000000 0.520668 0.545039 0.545039 0.545039
4134.462891 0.000000 635.577881 0.000000 0.451949 0.000000 0.892044 0.514175 0.514175 0.514175
4122.845215 0.000000 636.756531 0.000000 0.999032 0.000000 0.043985 0.593937 0.593937 0.593937
4107.071777 0.000000 630.789062 0.000000 0.475431 0.000000 0.879753 0.461472 0.461472 0.461472
4118.476562 0.000000 635.961975 0.000000 0.649302 0.000000 0.760530 0.493859 0.493859 0.493859
4107.526367 0.000000 626.425659 0.000000 0.868930 0.000000 0.494935 0.552690 0.552690 0.552690
4110.704590 0.000000 633.541992 0.000000 0.986047 0.000000 0.166465 0.577453 0.577453 0.577453
4095.501709 0.000000 634.248291 0.000000 0.940890 0.000000 0.338714 0.565838 0.565838 0.565838
4100.833984 0.000000 636.387085 0.000000 0.976282 0.000000 0.216502 0.565676 0.565676 0.565676
4103.823242 0.000000 632.596069 0.000000 0.794179 0.000000 0.607684 0.508034 0.508034 0.508034
4119.743164 0.000000 637.677368 0.000000 0.779220 0.000000 0.626751 0.503607 0.503607 0.503607
4107.787598 0.000000 637.406311 0.000000 0.376468 0.000000 0.926430 0.381703 0.381703 0.381703
4109.269043 0.000000 627.371704 0.000000 0.897208 0.000000 0.441608 0.559577 0.559577 0.559577
4108.887695 0.000000 630.432495 0.000000 0.579500 0.000000 0.814972 0.481555 0.481555 0.481555
4120.073242 0.000000 634.162842 0.000000 0.975369 0.000000 0.220580 0.573015 0.573015 0.573015
4098.820801 0.000000 630.047607 0.000000 0.591309 0.000000 0.806445 0.501634 0.501634 0.501634
4106.042969 0.000000 629.398865 0.000000 0.550996 0.000000 0.834508 0.492047 0.492047 0.492047
4124.554199 0.000000 636.476318 0.000000 0.314288 0.000000 0.949328 0.433210 0.433210 0.433210
4106.943848 0.000000 638.879883 0.000000 0.446398 0.000000 0.894835 0.377587 0.377587 0.377587
4127.854004 0.000000 637.758240 0.000000 0.753569 0.000000 0.657368 0.508668 0.508668 0.508668
4097.339355 0.000000 637.209229 0.000000 0.511067 0.000000 0.859541 0.472948 0.472948 0.472948
4113.098145 0.000000 639.126221 0.000000 0.364318 0.000000 0.931275 0.409797 0.409797 0.409797
4116.399902 0.000000 638.885498 0.000000 0.057037 0.000000 0.998372 0.359649 0.359649 0.359649
4102.318848 0.000000 633.351929 0.000000 0.526080 0.000000 0.850435 0.456827 0.456827 0.456827
4122.594238 0.000000 638.246094 0.000000 0.629446 0.000000 0.777044 0.461359 0.461359 0.461359
4105.845215 0.000000 634.284668 0.000000 0.843529 0.000000 0.537084 0.506578 0.506578 0.506578
4097.002441 0.000000 655.700195 0.000000 0.371195 0.000000 0.928555 0.380656 0.380656 0.380656
4118.473633 0.000000 671.275635 0.000000 0.938929 0.000000 0.344110 0.552641 0.552641 0.552641
4106.881836 0.000000 640.630615 0.000000 0.339030 0.000000 0.940775 0.344959 0.344959 0.344959
4135.821777 0.000000 701.784363 0.000000 0.476473 0.000000 0.879189 0.591955 0.591955 0.591955
4112.566406 0.000000 657.261353 0.000000 0.470259 0.000000 0.882528 0.455858 0.455858 0.455858
4103.666992 0.000000 669.168152 0.000000 0.899345 0.000000 0.437241 0.522047 0.522047 0.522047
4132.848145 0.000000 672.974182 0.000000 0.026229 0.000000 0.999656 0.289971 0.289971 0.289971
4154.769531 0.000000 666.436768 0.000000 0.917049 0.000000 0.398775 0.587712 0.587712 0.587712
4095.872803 0.000000 643.136841 0.000000 0.787322 0.000000 0.616542 0.514418 0.514418 0.514418
4141.143555 0.000000 692.299011 0.000000 0.949659 0.000000 0.313285 0.591886 0.591886 0.591886
4117.074707 0.000000 640.197754 0.000000 0.829697 0.000000 0.558214 0.494433 0.494433 0.494433
4106.872559 0.000000 677.651794 0.000000 0.663807 0.000000 0.747904 0.453191 0.453191 0.453191
4096.213867 0.000000 674.009399 0.000000 0.591538 0.000000 0.806277 0.504473 0.504473 0.504473
4111.706055 0.000000 666.431335 0.000000 0.690386 0.000000 0.723441 0.453410 0.453410 0.453410
4126.434082 0.000000 668.103149 0.000000 0.948569 0.000000 0.316571 0.547407 0.547407 0.547407
4115.125488 0.000000 678.063049 0.000000 0.953647 0.000000 0.300927 0.536815 0.536815 0.536815
4155.164551 0.000000 646.221252 0.000000 0.463507 0.000000 0.886093 0.588583 0.588583 0.588583
4135.347168 0.000000 679.282898 0.000000 0.999370 0.000000 0.035478 0.594525 0.594525 0.594525
4140.715820 0.000000 676.233276 0.000000 0.945548 0.000000 0.325484 0.560769 0.560769 0.560769
4112.092773 0.000000 643.598450 0.000000 0.978834 0.000000 0.204655 0.559864 0.559864 0.559864
4107.357910 0.000000 655.272339 0.000000 0.335826 0.000000 0.941924 0.375529 0.375529 0.375529
4120.907227 0.000000 676.574402 0.000000 0.370407 0.000000 0.928870 0.400130 0.400130 0.400130
4106.671875 0.000000 664.914917 0.000000 0.321392 0.000000 0.946946 0.342931 0.342931 0.342931
4153.803711 0.000000 671.832825 0.000000 0.450249 0.000000 0.892903 0.555360 0.555360 0.555360
4115.375977 0.000000 661.322571 0.000000 0.971880 0.000000 0.235476 0.570090 0.570090 0.570090
4100.411621 0.000000 693.264587 0.000000 0.832447 0.000000 0.554105 0.578007 0.578007 0.578007
4099.757812 0.000000 687.204834 0.000000 0.105023 0.000000 0.994470 0.514382 0.514382 0.514382
4103.666992 0.000000 674.027100 0.000000 0.077818 0.000000 0.996968 0.376374 0.376374 0.376374
4109.098145 0.000000 660.627258 0.000000 0.999716 0.000000 0.023843 0.595749 0.595749 0.595749
4097.845215 0.000000 660.422180 0.000000 0.971639 0.000000 0.236469 0.554585 0.554585 0.554585
4110.868652 0.000000 680.503662 0.000000 0.693926 0.000000 0.720047 0.455503 0.455503 0.455503
4125.070312 0.000000 663.476929 0.000000 0.747179 0.000000 0.664622 0.513971 0.513971 0.513971
4147.370605 0.000000 681.550232 0.000000 0.379948 0.000000 0.925008 0.539849 0.539849 0.539849
4123.068848 0.000000 672.094055 0.000000 0.794179 0.000000 0.607684 0.496294 0.496294 0.496294
4104.761230 0.000000 694.670288 0.000000 0.444413 0.000000 0.895822 0.545117 0.545117 0.545117
4120.785645 0.000000 657.796143 0.000000 0.542063 0.000000 0.840338 0.489385 0.489385 0.489385
4128.586426 0.000000 672.103149 0.000000 0.730574 0.000000 0.682833 0.453634 0.453634 0.453634
4113.875000 0.000000 653.151917 0.000000 0.886456 0.000000 0.462814 0.531528 0.531528 0.531528
4099.668945 0.000000 641.097351 0.000000 0.104750 0.000000 0.994499 0.371642 0.371642 0.371642
4146.719727 0.000000 643.292969 0.000000 0.999388 0.000000 0.034973 0.598009 0.598009 0.598009
4115.048828 0.000000 673.970825 0.000000 0.623922 0.000000 0.781487 0.441442 0.441442 0.441442
4143.674316 0.000000 679.292480 0.000000 0.985588 0.000000 0.169164 0.584214 0.584214 0.584214
4114.449219 0.000000 669.686462 0.000000 0.393986 0.000000 0.919116 0.416635 0.416635 0.416635
4137.193359 0.000000 695.403870 0.000000 0.519097 0.000000 0.854715 0.558545 0.558545 0.558545
4118.509277 0.000000 680.382996 0.000000 0.433319 0.000000 0.901241 0.374664 0.374664 0.374664
4113.029785 0.000000 639.849548 0.000000 0.331596 0.000000 0.943422 0.404255 0.404255 0.404255
4117.983398 0.000000 702.551208 0.000000 0.743142 0.000000 0.669133 0.581333 0.581333 0.581333
4099.916992 0.000000 672.860840 0.000000 0.542316 0.000000 0.840175 0.472981 0.472981 0.472981
4095.707764 0.000000 686.279053 0.000000 0.684640 0.000000 0.728881 0.576757 0.576757 0.576757
4108.008301 0.000000 692.733276 0.000000 0.975879 0.000000 0.218312 0.580879 0.580879 0.580879
4107.283691 0.000000 673.011169 0.000000 0.921624 0.000000 0.388084 0.524181 0.524181 0.524181
4152.007324 0.000000 648.037048 0.000000 0.785782 0.000000 0.618504 0.577026 0.577026 0.577026
4103.937500 0.000000 679.769348 0.000000 0.976036 0.000000 0.217608 0.571084 0.571084 0.571084
4115.863770 0.000000 643.474304 0.000000 0.784806 0.000000 0.619742 0.466836 0.466836 0.466836
4103.583984 0.000000 641.181641 0.000000 0.978433 0.000000 0.206567 0.560730 0.560730 0.560730
4101.388184 0.000000 647.739136 0.000000 0.731043 0.000000 0.682332 0.453767 0.453767 0.453767
4110.655762 0.000000 654.473083 0.000000 0.999213 0.000000 0.039674 0.594174 0.594174 0.594174
4139.864746 0.000000 672.916138 0.000000 0.901610 0.000000 0.432549 0.530315 0.530315 0.530315
4129.508789 0.000000 669.010803 0.000000 0.669164 0.000000 0.743115 0.451929 0.451929 0.451929
4104.721191 0.000000 646.743591 0.000000 0.526439 0.000000 0.850213 0.389898 0.389898 0.389898
4104.647461 0.000000 657.041870 0.000000 0.864606 0.000000 0.502450 0.491179 0.491179 0.491179
4098.464844 0.000000 666.261780 0.000000 0.288897 0.000000 0.957360 0.389467 0.389467 0.389467
4095.574951 0.000000 670.919189 0.000000 0.959546 0.000000 0.281552 0.566653 0.566653 0.566653
4103.502441 0.000000 665.965454 0.000000 0.954977 0.000000 0.296681 0.543600 0.543600 0.543600
4107.985840 0.000000 648.711243 0.000000 0.960718 0.000000 0.277526 0.547345 0.547345 0.547345
4097.962402 0.000000 676.540649 0.000000 0.718667 0.000000 0.695354 0.529742 0.529742 0.529742
4118.488281 0.000000 659.881348 0.000000 0.315264 0.000000 0.949004 0.493267 0.493267 0.493267
4109.527832 0.000000 683.225037 0.000000 0.239690 0.000000 0.970849 0.394992 0.394992 0.394992
4098.308594 0.000000 679.786011 0.000000 0.986945 0.000000 0.161057 0.584008 0.584008 0.584008
4100.946289 0.000000 667.948669 0.000000 0.884366 0.000000 0.466795 0.520704 0.520704 0.520704
4101.555664 0.000000 661.284180 0.000000 0.133432 0.000000 0.991058 0.298654 0.298654 0.298654
4107.379395 0.000000 652.128235 0.000000 0.095381 0.000000 0.995441 0.334818 0.334818 0.334818
4109.418457 0.000000 657.428528 0.000000 0.090919 0.000000 0.995858 0.349528 0.349528 0.349528
4095.550049 0.000000 667.827454 0.000000 0.999653 0.000000 0.026351 0.596052 0.596052 0.596052
4118.814453 0.000000 668.378601 0.000000 0.798735 0.000000 0.601683 0.519733 0.519733 0.519733
4134.930664 0.000000 676.400635 0.000000 0.501968 0.000000 0.864886 0.427826 0.427826 0.427826
4106.645996 0.000000 688.343811 0.000000 0.973134 0.000000 0.230240 0.575640 0.575640 0.575640
4121.304199 0.000000 654.377380 0.000000 0.141101 0.000000 0.989995 0.418026 0.418026 0.418026
4104.107910 0.000000 663.152161 0.000000 0.426512 0.000000 0.904482 0.364686 0.364686 0.364686
4153.223145 0.000000 669.017151 0.000000 0.099046 0.000000 0.995083 0.533870 0.533870 0.533870
4125.893066 0.000000 671.164185 0.000000 0.998384 0.000000 0.056823 0.590888 0.590888 0.590888
4129.547852 0.000000 674.862366 0.000000 0.111581 0.000000 0.993755 0.291851 0.291851 0.291851
4114.733887 0.000000 685.408203 0.000000 0.942842 0.000000 0.333239 0.538423 0.538423 0.538423
4124.207520 0.000000 666.144714 0.000000 0.446936 0.000000 0.894566 0.449041 0.449041 0.449041
4106.717285 0.000000 662.101135 0.000000 0.931180 0.000000 0.364559 0.525099 0.525099 0.525099
4106.896973 0.000000 658.639160 0.000000 0.255663 0.000000 0.966766 0.348393 0.348393 0.348393
4106.017578 0.000000 667.680359 0.000000 0.825131 0.000000 0.564941 0.478595 0.478595 0.478595
4103.041016 0.000000 692.452148 0.000000 0.483426 0.000000 0.875385 0.545697 0.545697 0.545697
4121.025879 0.000000 679.324890 0.000000 0.634289 0.000000 0.773096 0.438505 0.438505 0.438505
4101.245117 0.000000 675.224365 0.000000 0.756374 0.000000 0.654140 0.504940 0.504940 0.504940
4122.450684 0.000000 664.090637 0.000000 0.044917 0.000000 0.998991 0.433149 0.433149 0.433149
4101.429688 0.000000 670.580933 0.000000 0.059826 0.000000 0.998209 0.373673 0.373673 0.373673
4105.299805 0.000000 671.257812 0.000000 0.054092 0.000000 0.998536 0.320559 0.320559 0.320559
4109.788574 0.000000 686.885376 0.000000 0.877289 0.000000 0.479962 0.534011 0.534011 0.534011
4144.119629 0.000000 681.860413 0.000000 0.946362 0.000000 0.323107 0.578315 0.578315 0.578315
4139.442871 0.000000 642.554016 0.000000 0.131060 0.000000 0.991374 0.436140 0.436140 0.436140
4131.040527 0.000000 671.087341 0.000000 0.065214 0.000000 0.997871 0.297805 0.297805 0.297805
4151.324707 0.000000 653.535522 0.000000 0.639035 0.000000 0.769177 0.544791 0.544791 0.544791
4105.895508 0.000000 675.307617 0.000000 0.348275 0.000000 0.937392 0.397971 0.397971 0.397971
4146.273438 0.000000 679.043823 0.000000 0.872599 0.000000 0.488437 0.568660 0.568660 0.568660
4110.047852 0.000000 645.105286 0.000000 0.653362 0.000000 0.757045 0.435342 0.435342 0.435342
4134.296875 0.000000 670.918823 0.000000 0.995197 0.000000 0.097887 0.580761 0.580761 0.580761
4135.068359 0.000000 667.904663 0.000000 0.531303 0.000000 0.847182 0.385027 0.385027 0.385027
4117.544922 0.000000 673.576538 0.000000 0.217334 0.000000 0.976097 0.381325 0.381325 0.381325
4109.068848 0.000000 678.795044 0.000000 0.773257 0.000000 0.634092 0.477569 0.477569 0.477569
4119.951172 0.000000 652.313782 0.000000 0.881206 0.000000 0.472732 0.530669 0.530669 0.530669
4139.097168 0.000000 670.491577 0.000000 0.598960 0.000000 0.800779 0.449775 0.449775 0.449775
4112.761230 0.000000 678.812988 0.000000 0.956091 0.000000 0.293070 0.538961 0.538961 0.538961
4122.896484 0.000000 639.964722 0.000000 0.976073 0.000000 0.217444 0.565853 0.565853 0.565853
4111.164551 0.000000 691.544556 0.000000 0.331680 0.000000 0.943392 0.459665 0.459665 0.459665
4118.623047 0.000000 656.632446 0.000000 0.702148 0.000000 0.712031 0.518101 0.518101 0.518101
4115.998535 0.000000 671.553650 0.000000 0.625834 0.000000 0.779956 0.451255 0.451255 0.451255
4100.033203 0.000000 643.626953 0.000000 0.805225 0.000000 0.592969 0.485904 0.485904 0.485904
4116.684082 0.000000 682.200012 0.000000 0.921120 0.000000 0.389278 0.517945 0.517945 0.517945
4141.570801 0.000000 680.730774 0.000000 0.579615 0.000000 0.814890 0.507256 0.507256 0.507256
4113.445801 0.000000 694.792908 0.000000 0.851626 0.000000 0.524149 0.550414 0.550414 0.550414
4097.790039 0.000000 671.770752 0.000000 0.988808 0.000000 0.149194 0.581381 0.581381 0.581381
4105.092285 0.000000 685.242920 0.000000 0.318012 0.000000 0.948087 0.459888 0.459888 0.459888
4123.676270 0.000000 657.422485 0.000000 0.456519 0.000000 0.889714 0.468576 0.468576 0.468576
4140.141113 0.000000 668.252258 0.000000 0.832894 0.000000 0.553432 0.509514 0.509514 0.509514
4143.202637 0.000000 643.748840 0.000000 0.998809 0.000000 0.048802 0.595758 0.595758 0.595758
4118.888672 0.000000 678.138062 0.000000 0.693426 0.000000 0.720527 0.451763 0.451763 0.451763
4149.833496 0.000000 648.865845 0.000000 0.392271 0.000000 0.919850 0.517791 0.517791 0.517791
4141.088867 0.000000 678.533386 0.000000 0.878033 0.000000 0.478600 0.545428 0.545428 0.545428
4114.619629 0.000000 659.191101 0.000000 0.923359 0.000000 0.383938 0.553369 0.553369 0.553369
4106.472168 0.000000 683.518433 0.000000 0.457881 0.000000 0.889013 0.447433 0.447433 0.447433
4116.033203 0.000000 680.112671 0.000000 0.387772 0.000000 0.921755 0.354098 0.354098 0.354098
4151.479004 0.000000 658.259705 0.000000 0.548843 0.000000 0.835925 0.527349 0.527349 0.527349
4121.220215 0.000000 660.082764 0.000000 0.784486 0.000000 0.620147 0.547896 0.547896 0.547896
4116.050781 0.000000 653.510620 0.000000 0.752423 0.000000 0.658680 0.498752 0.498752 0.498752
4137.700195 0.000000 672.231262 0.000000 0.482740 0.000000 0.875764 0.416194 0.416194 0.416194
4135.032715 0.000000 673.145142 0.000000 0.585167 0.000000 0.810913 0.425757 0.425757 0.425757
4133.007324 0.000000 675.339417 0.000000 0.222245 0.000000 0.974991 0.345829 0.345829 0.345829
4107.526367 0.000000 690.410034 0.000000 0.450265 0.000000 0.892895 0.500801 0.500801 0.500801
4138.945312 0.000000 675.020569 0.000000 0.998274 0.000000 0.058735 0.591461 0.591461 0.591461
4100.974121 0.000000 653.129944 0.000000 0.619288 0.000000 0.785164 0.409287 0.409287 0.409287
4103.281250 0.000000 671.962524 0.000000 0.820763 0.000000 0.571269 0.497988 0.497988 0.497988
4111.888672 0.000000 652.371887 0.000000 0.998437 0.000000 0.055895 0.591958 0.591958 0.591958
4106.105469 0.000000 679.618103 0.000000 0.960529 0.000000 0.278181 0.553551 0.553551 0.553551
4110.620605 0.000000 659.192383 0.000000 0.811284 0.000000 0.584652 0.503655 0.503655 0.503655
4095.536621 0.000000 676.490601 0.000000 0.422866 0.000000 0.906192 0.515053 0.515053 0.515053
4101.503418 0.000000 642.076599 0.000000 0.432740 0.000000 0.901519 0.398091 0.398091 0.398091
4110.004883 0.000000 668.482544 0.000000 0.695049 0.000000 0.718963 0.448573 0.448573 0.448573
4105.248535 0.000000 654.932739 0.000000 0.232172 0.000000 0.972675 0.329735 0.329735 0.329735
4128.257324 0.000000 684.673096 0.000000 0.982932 0.000000 0.183967 0.570345 0.570345 0.570345
4127.729980 0.000000 670.193970 0.000000 0.232310 0.000000 0.972642 0.369799 0.369799 0.369799
4130.418945 0.000000 673.014771 0.000000 0.148369 0.000000 0.988932 0.299688 0.299688 0.299688
4097.426270 0.000000 647.214478 0.000000 0.758629 0.000000 0.651523 0.487331 0.487331 0.487331
4109.518066 0.000000 647.056274 0.000000 0.997513 0.000000 0.070483 0.587743 0.587743 0.587743
4099.531738 0.000000 661.658020 0.000000 0.680375 0.000000 0.732864 0.429973 0.429973 0.429973
4145.124512 0.000000 677.382324 0.000000 0.711863 0.000000 0.702318 0.531185 0.531185 0.531185
4102.993164 0.000000 681.510864 0.000000 0.555079 0.000000 0.831798 0.479339 0.479339 0.479339
4114.918945 0.000000 640.314941 0.000000 0.309225 0.000000 0.950989 0.374157 0.374157 0.374157
4110.193848 0.000000 662.436646 0.000000 0.555271 0.000000 0.831670 0.436705 0.436705 0.436705
4124.140625 0.000000 688.158020 0.000000 0.168974 0.000000 0.985621 0.392238 0.392238 0.392238
4121.816895 0.000000 674.820374 0.000000 0.985488 0.000000 0.169744 0.573683 0.573683 0.573683
4116.738281 0.000000 655.552429 0.000000 0.901670 0.000000 0.432424 0.545743 0.545743 0.545743
4113.390625 0.000000 648.017761 0.000000 0.081789 0.000000 0.996650 0.334596 0.334596 0.334596
4099.570801 0.000000 670.977112 0.000000 0.999839 0.000000 0.017934 0.597636 0.597636 0.597636
4108.961914 0.000000 680.911133 0.000000 0.853420 0.000000 0.521225 0.508837 0.508837 0.508837
4122.067383 0.000000 656.161743 0.000000 0.924387 0.000000 0.381455 0.553100 0.553100 0.553100
4102.798828 0.000000 646.392151 0.000000 0.142476 0.000000 0.989798 0.298430 0.298430 0.298430
4124.059082 0.000000 690.347961 0.000000 0.290069 0.000000 0.957006 0.431735 0.431735 0.431735
4112.008789 0.000000 641.682739 0.000000 0.978611 0.000000 0.205721 0.563066 0.563066 0.563066
4113.467285 0.000000 683.973328 0.000000 0.227746 0.000000 0.973721 0.352921 0.352921 0.352921
4100.864258 0.000000 645.872620 0.000000 0.690849 0.000000 0.722999 0.449895 0.449895 0.449895
4149.615234 0.000000 661.890625 0.000000 0.024692 0.000000 0.999695 0.456411 0.456411 0.456411
4101.795410 0.000000 673.408569 0.000000 0.928853 0.000000 0.370449 0.545429 0.545429 0.545429
4142.681641 0.000000 645.727356 0.000000 0.655033 0.000000 0.755600 0.515317 0.515317 0.515317
4125.552734 0.000000 694.134766 0.000000 0.937158 0.000000 0.348904 0.566367 0.566367 0.566367
4101.383301 0.000000 665.995972 0.000000 0.958718 0.000000 0.284359 0.547739 0.547739 0.547739
4124.112305 0.000000 645.636597 0.000000 0.049899 0.000000 0.998754 0.299282 0.299282 0.299282
4116.942871 0.000000 649.549194 0.000000 0.998576 0.000000 0.053347 0.590566 0.590566 0.590566
4099.367188 0.000000 647.509216 0.000000 0.906060 0.000000 0.423149 0.522772 0.522772 0.522772
4111.401855 0.000000 687.919678 0.000000 0.996567 0.000000 0.082791 0.588081 0.588081 0.588081
4105.373535 0.000000 641.848145 0.000000 0.718962 0.000000 0.695050 0.442294 0.442294 0.442294
4107.199707 0.000000 671.153015 0.000000 0.516288 0.000000 0.856415 0.393600 0.393600 0.393600
4146.667969 0.000000 651.955750 0.000000 0.844519 0.000000 0.535525 0.546669 0.546669 0.546669
4105.741211 0.000000 669.483765 0.000000 0.905603 0.000000 0.424127 0.516021 0.516021 0.516021
4103.466797 0.000000 643.056641 0.000000 0.972117 0.000000 0.234494 0.553908 0.553908 0.553908
4133.195801 0.000000 687.539124 0.000000 0.943200 0.000000 0.332226 0.559417 0.559417 0.559417
4113.960449 0.000000 643.955261 0.000000 0.207105 0.000000 0.978319 0.334741 0.334741 0.334741
4116.909668 0.000000 678.455383 0.000000 0.999101 0.000000 0.042392 0.591742 0.591742 0.591742
4106.120605 0.000000 660.320923 0.000000 0.316341 0.000000 0.948645 0.356796 0.356796 0.356796
4120.846191 0.000000 645.389099 0.000000 0.343688 0.000000 0.939084 0.351473 0.351473 0.351473
4110.994141 0.000000 656.413696 0.000000 0.963235 0.000000 0.268661 0.558849 0.558849 0.558849
4120.249512 0.000000 655.840088 0.000000 0.141403 0.000000 0.989952 0.418065 0.418065 0.418065
4108.231445 0.000000 650.536682 0.000000 0.647909 0.000000 0.761718 0.456017 0.456017 0.456017
4122.734863 0.000000 693.392700 0.000000 0.189904 0.000000 0.981803 0.436728 0.436728 0.436728
4109.156250 0.000000 655.448914 0.000000 0.691533 0.000000 0.722345 0.466998 0.466998 0.466998
4097.322266 0.000000 667.724609 0.000000 0.440110 0.000000 0.897944 0.422948 0.422948 0.422948
4117.189453 0.000000 661.351685 0.000000 0.953418 0.000000 0.301651 0.566952 0.566952 0.566952
4136.021484 0.000000 671.646851 0.000000 0.514627 0.000000 0.857414 0.416359 0.416359 0.416359
4126.248047 0.000000 642.842285 0.000000 0.999446 0.000000 0.033274 0.594068 0.594068 0.594068
4099.791504 0.000000 676.331421 0.000000 0.798027 0.000000 0.602621 0.530244 0.530244 0.530244
4120.053711 0.000000 666.972595 0.000000 0.959698 0.000000 0.281032 0.569703 0.569703 0.569703
4102.800781 0.000000 652.931030 0.000000 0.845765 0.000000 0.533556 0.484504 0.484504 0.484504
4131.526367 0.000000 674.456177 0.000000 0.254123 0.000000 0.967172 0.336280 0.336280 0.336280
4099.203613 0.000000 664.619446 0.000000 0.866466 0.000000 0.499236 0.504475 0.504475 0.504475
4130.591309 0.000000 690.179688 0.000000 0.404752 0.000000 0.914426 0.478988 0.478988 0.478988
4119.573730 0.000000 647.985657 0.000000 0.938024 0.000000 0.346569 0.530553 0.530553 0.530553
4134.806641 0.000000 663.828186 0.000000 0.371365 0.000000 0.928487 0.355727 0.355727 0.355727
4117.556641 0.000000 644.190796 0.000000 0.997599 0.000000 0.069262 0.585567 0.585567 0.585567
4118.624023 0.000000 651.161804 0.000000 0.904530 0.000000 0.426410 0.530054 0.530054 0.530054
4139.425293 0.000000 678.094177 0.000000 0.875980 0.000000 0.482348 0.537422 0.537422 0.537422
4107.770508 0.000000 656.944580 0.000000 0.140186 0.000000 0.990125 0.332218 0.332218 0.332218
4127.964355 0.000000 688.014893 0.000000 0.059384 0.000000 0.998235 0.387190 0.387190 0.387190
4104.000977 0.000000 645.102295 0.000000 0.018260 0.000000 0.999833 0.272092 0.272092 0.272092
4137.203125 0.000000 665.770325 0.000000 0.629390 0.000000 0.777089 0.424018 0.424018 0.424018
4131.575195 0.000000 652.664368 0.000000 0.410731 0.000000 0.911757 0.373101 0.373101 0.373101
4103.408203 0.000000 661.614563 0.000000 0.998898 0.000000 0.046930 0.590858 0.590858 0.590858
4128.000977 0.000000 653.494812 0.000000 0.296836 0.000000 0.954929 0.369919 0.369919 0.369919
4097.529297 0.000000 664.841736 0.000000 0.924089 0.000000 0.382176 0.531273 0.531273 0.531273
4128.150391 0.000000 673.889648 0.000000 0.241224 0.000000 0.970469 0.341559 0.341559 0.341559
4106.253418 0.000000 686.705688 0.000000 0.541353 0.000000 0.840795 0.483308 0.483308 0.483308
4138.394043 0.000000 668.932556 0.000000 0.934678 0.000000 0.355496 0.537392 0.537392 0.537392
4139.187012 0.000000 665.990112 0.000000 0.912186 0.000000 0.409777 0.523475 0.523475 0.523475
4132.683594 0.000000 657.861572 0.000000 0.952790 0.000000 0.303630 0.539926 0.539926 0.539926
4110.992188 0.000000 660.963623 0.000000 0.969482 0.000000 0.245163 0.560301 0.560301 0.560301
4105.183594 0.000000 658.683594 0.000000 0.141265 0.000000 0.989972 0.298172 0.298172 0.298172
4102.468262 0.000000 664.653198 0.000000 0.334433 0.000000 0.942419 0.369732 0.369732 0.369732
4120.135742 0.000000 671.836243 0.000000 0.714252 0.000000 0.699888 0.497809 0.497809 0.497809
4122.514648 0.000000 646.134583 0.000000 0.033680 0.000000 0.999433 0.293770 0.293770 0.293770
4136.660156 0.000000 676.051941 0.000000 0.585227 0.000000 0.810869 0.456934 0.456934 0.456934
4095.746094 0.000000 656.767700 0.000000 0.248823 0.000000 0.968549 0.380635 0.380635 0.380635
4129.109375 0.000000 640.365540 0.000000 0.182378 0.000000 0.983229 0.385944 0.385944 0.385944
4100.221191 0.000000 669.452576 0.000000 0.485347 0.000000 0.874321 0.432646 0.432646 0.432646
4125.567871 0.000000 669.520447 0.000000 0.966283 0.000000 0.257481 0.561382 0.561382 0.561382
4105.084961 0.000000 661.752502 0.000000 0.997617 0.000000 0.068993 0.585623 0.585623 0.585623
4119.431152 0.000000 669.870972 0.000000 0.411489 0.000000 0.911415 0.457432 0.457432 0.457432
4134.559570 0.000000 674.827515 0.000000 0.394444 0.000000 0.918920 0.394021 0.394021 0.394021
4105.794922 0.000000 651.784302 0.000000 0.994264 0.000000 0.106953 0.578331 0.578331 0.578331
4102.451660 0.000000 678.160645 0.000000 0.921643 0.000000 0.388038 0.547470 0.547470 0.547470
4129.401367 0.000000 670.654419 0.000000 0.601333 0.000000 0.798999 0.425298 0.425298 0.425298
4132.695801 0.000000 671.328125 0.000000 0.932303 0.000000 0.361678 0.522393 0.522393 0.522393
4095.566895 0.000000 654.846008 0.000000 0.967736 0.000000 0.251965 0.557649 0.557649 0.557649
4140.616699 0.000000 674.571838 0.000000 0.996859 0.000000 0.079194 0.589669 0.589669 0.589669
4134.365723 0.000000 662.232727 0.000000 0.995077 0.000000 0.099109 0.579628 0.579628 0.579628
4105.843262 0.000000 663.470764 0.000000 0.842495 0.000000 0.538705 0.481548 0.481548 0.481548
4106.772461 0.000000 649.817505 0.000000 0.535409 0.000000 0.844593 0.411672 0.411672 0.411672
4124.905273 0.000000 651.635559 0.000000 0.506830 0.000000 0.862046 0.416299 0.416299 0.416299
4133.864746 0.000000 665.127747 0.000000 0.494442 0.000000 0.869210 0.397987 0.397987 0.397987
4116.389648 0.000000 667.625427 0.000000 0.326030 0.000000 0.945360 0.436718 0.436718 0.436718
4127.216797 0.000000 689.735901 0.000000 0.344648 0.000000 0.938732 0.428368 0.428368 0.428368
4095.954590 0.000000 650.667908 0.000000 0.539991 0.000000 0.841671 0.444158 0.444158 0.444158
4096.311523 0.000000 641.609070 0.000000 0.862915 0.000000 0.505348 0.526197 0.526197 0.526197
4137.781738 0.000000 662.922974 0.000000 0.893097 0.000000 0.449865 0.507039 0.507039 0.507039
4103.777344 0.000000 655.533203 0.000000 0.973738 0.000000 0.227670 0.551145 0.551145 0.551145
4107.065918 0.000000 666.452637 0.000000 0.218775 0.000000 0.975775 0.326954 0.326954 0.326954
4143.656250 0.000000 668.845276 0.000000 0.939152 0.000000 0.343502 0.552203 0.552203 0.552203
4106.770020 0.000000 644.107788 0.000000 0.929056 0.000000 0.369938 0.525641 0.525641 0.525641
4125.793457 0.000000 655.479675 0.000000 0.772465 0.000000 0.635058 0.500022 0.500022 0.500022
4126.016113 0.000000 649.700745 0.000000 0.469431 0.000000 0.882969 0.381167 0.381167 0.381167
4138.149902 0.000000 655.091187 0.000000 0.024836 0.000000 0.999692 0.326743 0.326743 0.326743
4136.744141 0.000000 668.341919 0.000000 0.998867 0.000000 0.047588 0.591086 0.591086 0.591086
4137.337891 0.000000 648.842346 0.000000 0.393621 0.000000 0.919273 0.406091 0.406091 0.406091
4104.314941 0.000000 675.546143 0.000000 0.992433 0.000000 0.122789 0.579532 0.579532 0.579532
4119.851562 0.000000 691.702881 0.000000 0.406549 0.000000 0.913629 0.439501 0.439501 0.439501
4105.481934 0.000000 666.181519 0.000000 0.713058 0.000000 0.701105 0.447541 0.447541 0.447541
4107.949219 0.000000 682.862488 0.000000 0.171758 0.000000 0.985139 0.405223 0.405223 0.405223
4113.876953 0.000000 660.912415 0.000000 0.792248 0.000000 0.610199 0.505622 0.505622 0.505622
4128.959473 0.000000 665.029724 0.000000 0.719665 0.000000 0.694322 0.476990 0.476990 0.476990
4107.331055 0.000000 674.635437 0.000000 0.309450 0.000000 0.950916 0.372318 0.372318 0.372318
4119.726562 0.000000 646.474304 0.000000 0.068109 0.000000 0.997678 0.305140 0.305140 0.305140
4129.693848 0.000000 646.467224 0.000000 0.234000 0.000000 0.972237 0.332114 0.332114 0.332114
4107.208984 0.000000 676.163879 0.000000 0.751003 0.000000 0.660298 0.474682 0.474682 0.474682
4139.986816 0.000000 664.465820 0.000000 0.999198 0.000000 0.040030 0.592743 0.592743 0.592743
4130.569336 0.000000 649.489136 0.000000 0.166080 0.000000 0.986112 0.311888 0.311888 0.311888
4139.249023 0.000000 653.920471 0.000000 0.310005 0.000000 0.950735 0.385589 0.385589 0.385589
4111.050293 0.000000 663.976440 0.000000 0.984428 0.000000 0.175788 0.570619 0.570619 0.570619
4140.260254 0.000000 661.625305 0.000000 0.677277 0.000000 0.735728 0.461299 0.461299 0.461299
4099.623535 0.000000 657.253906 0.000000 0.582313 0.000000 0.812965 0.409469 0.409469 0.409469
4125.327637 0.000000 674.396484 0.000000 0.140702 0.000000 0.990052 0.336598 0.336598 0.336598
4101.063965 0.000000 656.640015 0.000000 0.009403 0.000000 0.999956 0.281916 0.281916 0.281916
4102.792480 0.000000 675.239746 0.000000 0.995614 0.000000 0.093557 0.585965 0.585965 0.585965
4134.371582 0.000000 666.583374 0.000000 0.406275 0.000000 0.913751 0.354873 0.354873 0.354873
4112.969727 0.000000 670.179565 0.000000 0.277136 0.000000 0.960831 0.364259 0.364259 0.364259
4124.149414 0.000000 680.555664 0.000000 0.143034 0.000000 0.989718 0.296411 0.296411 0.296411
4112.003906 0.000000 648.864563 0.000000 0.760085 0.000000 0.649824 0.473912 0.473912 0.473912
4108.415527 0.000000 641.408203 0.000000 0.851812 0.000000 0.523848 0.495111 0.495111 0.495111
4102.919922 0.000000 670.510986 0.000000 0.804311 0.000000 0.594208 0.493252 0.493252 0.493252
4127.557129 0.000000 649.942322 0.000000 0.124861 0.000000 0.992174 0.307668 0.307668 0.307668
4107.628418 0.000000 660.874146 0.000000 0.360296 0.000000 0.932838 0.365893 0.365893 0.365893
4112.256348 0.000000 675.491028 0.000000 0.972145 0.000000 0.234382 0.552512 0.552512 0.552512
4101.435059 0.000000 649.252869 0.000000 0.985122 0.000000 0.171854 0.565592 0.565592 0.565592
4128.854980 0.000000 679.186768 0.000000 0.775083 0.000000 0.631859 0.466814 0.466814 0.466814
4102.648438 0.000000 639.874573 0.000000 0.769607 0.000000 0.638518 0.473435 0.473435 0.473435
4098.662109 0.000000 644.199646 0.000000 0.998866 0.000000 0.047612 0.591867 0.591867 0.591867
4115.395996 0.000000 644.868591 0.000000 0.679743 0.000000 0.733450 0.421161 0.421161 0.421161
4126.356934 0.000000 680.799744 0.000000 0.723353 0.000000 0.690479 0.449303 0.449303 0.449303
4116.766602 0.000000 674.822815 0.000000 0.406735 0.000000 0.913546 0.401568 0.401568 0.401568
4098.324219 0.000000 656.375854 0.000000 0.875720 0.000000 0.482819 0.498862 0.498862 0.498862
4113.307129 0.000000 685.689819 0.000000 0.854828 0.000000 0.518911 0.507652 0.507652 0.507652
4126.563965 0.000000 641.333862 0.000000 0.697417 0.000000 0.716666 0.471936 0.471936 0.471936
4119.460449 0.000000 676.821228 0.000000 0.961119 0.000000 0.276136 0.552644 0.552644 0.552644
4119.216797 0.000000 681.595703 0.000000 0.670966 0.000000 0.741488 0.432340 0.432340 0.432340
4118.443848 0.000000 641.140930 0.000000 0.542052 0.000000 0.840345 0.420623 0.420623 0.420623
4117.169434 0.000000 642.824341 0.000000 0.619400 0.000000 0.785076 0.424194 0.424194 0.424194
4124.968262 0.000000 683.233276 0.000000 0.814183 0.000000 0.580608 0.478441 0.478441 0.478441
4134.771973 0.000000 650.346191 0.000000 0.904787 0.000000 0.425864 0.515653 0.515653 0.515653
4116.841797 0.000000 687.813538 0.000000 0.820590 0.000000 0.571517 0.494293 0.494293 0.494293
4121.402832 0.000000 640.109985 0.000000 0.283472 0.000000 0.958980 0.377000 0.377000 0.377000
4125.828613 0.000000 687.141541 0.000000 0.826480 0.000000 0.562966 0.500575 0.500575 0.500575
4114.602539 0.000000 671.081482 0.000000 0.843604 0.000000 0.536966 0.505752 0.505752 0.505752
4115.517090 0.000000 681.403625 0.000000 0.186888 0.000000 0.982381 0.310012 0.310012 0.310012
4136.525391 0.000000 672.959595 0.000000 0.359091 0.000000 0.933303 0.392682 0.392682 0.392682
4129.075684 0.000000 643.028687 0.000000 0.840429 0.000000 0.541922 0.503058 0.503058 0.503058
4116.512695 0.000000 648.181641 0.000000 0.060774 0.000000 0.998152 0.333102 0.333102 0.333102
4137.115723 0.000000 652.046143 0.000000 0.129197 0.000000 0.991619 0.332300 0.332300 0.332300
4114.820801 0.000000 679.424927 0.000000 0.369267 0.000000 0.929323 0.353478 0.353478 0.353478
4111.130371 0.000000 646.088379 0.000000 0.218397 0.000000 0.975860 0.351154 0.351154 0.351154
4136.789062 0.000000 654.845520 0.000000 0.695647 0.000000 0.718383 0.442727 0.442727 0.442727
4107.186523 0.000000 663.595642 0.000000 0.767934 0.000000 0.640529 0.460460 0.460460 0.460460
4133.472168 0.000000 667.614136 0.000000 0.243535 0.000000 0.969892 0.334085 0.334085 0.334085
4112.893555 0.000000 646.693726 0.000000 0.507771 0.000000 0.861492 0.396275 0.396275 0.396275
4106.387695 0.000000 642.785583 0.000000 0.729693 0.000000 0.683775 0.449999 0.449999 0.449999
4137.790527 0.000000 670.823120 0.000000 0.922581 0.000000 0.385804 0.529397 0.529397 0.529397
4108.226562 0.000000 677.727600 0.000000 0.599159 0.000000 0.800630 0.423394 0.423394 0.423394
4119.037109 0.000000 684.080200 0.000000 0.255532 0.000000 0.966801 0.342470 0.342470 0.342470
4109.104980 0.000000 642.588684 0.000000 0.756357 0.000000 0.654158 0.468620 0.468620 0.468620
4132.810059 0.000000 652.155518 0.000000 0.383107 0.000000 0.923704 0.358329 0.358329 0.358329
4133.914062 0.000000 672.190308 0.000000 0.994510 0.000000 0.104643 0.578957 0.578957 0.578957
4110.636719 0.000000 671.014282 0.000000 0.330918 0.000000 0.943660 0.357948 0.357948 0.357948
4108.181152 0.000000 672.051208 0.000000 0.990716 0.000000 0.135949 0.571810 0.571810 0.571810
"}
object={
	name="tree_leaf_2_high_generator_1_1"
	clamp_to_water_level=no
	render_under_water=no
	generated_content=yes
	layer="tree_high_layer"
	pdxmesh="tree_leaf_01_b_mesh"
	count=491
	transform="3506.431396 0.000000 703.818848 0.000000 0.059155 0.000000 -0.998249 0.640757 0.640757 0.640757
3498.563477 0.000000 711.774780 0.000000 0.737500 0.000000 -0.675348 0.603332 0.603332 0.603332
3516.035889 0.000000 747.637573 0.000000 0.633534 0.000000 -0.773715 0.605301 0.605301 0.605301
3503.128418 0.000000 705.256226 0.000000 0.243721 0.000000 -0.969845 0.631746 0.631746 0.631746
3515.242676 0.000000 710.205627 0.000000 0.088145 0.000000 -0.996108 0.613324 0.613324 0.613324
3506.797852 0.000000 707.277344 0.000000 0.324664 0.000000 -0.945830 0.652014 0.652014 0.652014
3511.483154 0.000000 708.382446 0.000000 0.447579 0.000000 -0.894244 0.634814 0.634814 0.634814
3504.635010 0.000000 709.580078 0.000000 0.828983 0.000000 -0.559274 0.620448 0.620448 0.620448
3507.519043 0.000000 704.264832 0.000000 0.918459 0.000000 -0.395517 0.614618 0.614618 0.614618
3521.546387 0.000000 746.839478 0.000000 0.860241 0.000000 -0.509887 0.612022 0.612022 0.612022
3530.943115 0.000000 741.636169 0.000000 0.999708 0.000000 -0.024155 0.600398 0.600398 0.600398
3555.093262 0.000000 714.973022 0.000000 0.999641 0.000000 -0.026809 0.600643 0.600643 0.600643
3548.343018 0.000000 719.138916 0.000000 0.782737 0.000000 -0.622352 0.620125 0.620125 0.620125
3519.604492 0.000000 742.629333 0.000000 0.259011 0.000000 -0.965874 0.625486 0.625486 0.625486
3550.647705 0.000000 715.240479 0.000000 0.962332 0.000000 -0.271878 0.606599 0.606599 0.606599
3549.196289 0.000000 723.242249 0.000000 0.986924 0.000000 -0.161189 0.603880 0.603880 0.603880
3552.232910 0.000000 719.231750 0.000000 0.526335 0.000000 -0.850277 0.642635 0.642635 0.642635
3522.032715 0.000000 740.525024 0.000000 0.980703 0.000000 -0.195501 0.606779 0.606779 0.606779
4095.097168 0.000000 622.709778 0.000000 0.311605 0.000000 -0.950212 0.626296 0.626296 0.626296
4089.027832 0.000000 638.193848 0.000000 0.174003 0.000000 -0.984745 0.685730 0.685730 0.685730
4090.062500 0.000000 634.287476 0.000000 0.130564 0.000000 -0.991440 0.690586 0.690586 0.690586
4092.730957 0.000000 633.648499 0.000000 0.859512 0.000000 -0.511116 0.639377 0.639377 0.639377
4091.305908 0.000000 639.024780 0.000000 0.159354 0.000000 -0.987222 0.712001 0.712001 0.712001
4095.139893 0.000000 634.377930 0.000000 0.920091 0.000000 -0.391704 0.639791 0.639791 0.639791
4094.614990 0.000000 629.690063 0.000000 0.997056 0.000000 -0.076679 0.605059 0.605059 0.605059
4079.786133 0.000000 661.787048 0.000000 0.793632 0.000000 -0.608398 0.613716 0.613716 0.613716
4086.561279 0.000000 640.596008 0.000000 0.879969 0.000000 -0.475031 0.625952 0.625952 0.625952
4091.965576 0.000000 683.653198 0.000000 0.682069 0.000000 -0.731288 0.611058 0.611058 0.611058
4092.778076 0.000000 675.995667 0.000000 0.742071 0.000000 -0.670321 0.655022 0.655022 0.655022
4084.392090 0.000000 647.146973 0.000000 0.980895 0.000000 -0.194536 0.610558 0.610558 0.610558
4092.937744 0.000000 660.667358 0.000000 0.692077 0.000000 -0.721824 0.723214 0.723214 0.723214
4088.202148 0.000000 679.440002 0.000000 0.983147 0.000000 -0.182817 0.604406 0.604406 0.604406
4093.155273 0.000000 640.650269 0.000000 0.519805 0.000000 -0.854285 0.705856 0.705856 0.705856
4083.959473 0.000000 664.946289 0.000000 0.002323 0.000000 -0.999997 0.686930 0.686930 0.686930
4089.811523 0.000000 671.832825 0.000000 0.344966 0.000000 -0.938615 0.700395 0.700395 0.700395
4085.620605 0.000000 655.624817 0.000000 0.998878 0.000000 -0.047349 0.603477 0.603477 0.603477
4095.097168 0.000000 686.694153 0.000000 0.821250 0.000000 -0.570569 0.617281 0.617281 0.617281
4093.289307 0.000000 656.309753 0.000000 0.854254 0.000000 -0.519855 0.681070 0.681070 0.681070
4086.204102 0.000000 651.107605 0.000000 0.332837 0.000000 -0.942984 0.703302 0.703302 0.703302
4093.523682 0.000000 669.745178 0.000000 0.881948 0.000000 -0.471348 0.660287 0.660287 0.660287
4082.727539 0.000000 643.292969 0.000000 0.690628 0.000000 -0.723210 0.619376 0.619376 0.619376
4093.818359 0.000000 679.988953 0.000000 0.896444 0.000000 -0.443157 0.622695 0.622695 0.622695
4089.865723 0.000000 662.784485 0.000000 0.230630 0.000000 -0.973041 0.752329 0.752329 0.752329
4082.516846 0.000000 650.015686 0.000000 0.606938 0.000000 -0.794749 0.644032 0.644032 0.644032
4080.048340 0.000000 665.000244 0.000000 0.835224 0.000000 -0.549910 0.621805 0.621805 0.621805
4089.231201 0.000000 669.017151 0.000000 0.738183 0.000000 -0.674600 0.668764 0.668764 0.668764
4084.112793 0.000000 653.123169 0.000000 0.438030 0.000000 -0.898960 0.678667 0.678667 0.678667
4095.127686 0.000000 683.553467 0.000000 0.890832 0.000000 -0.454333 0.621900 0.621900 0.621900
4090.129639 0.000000 675.037354 0.000000 0.907486 0.000000 -0.420081 0.628574 0.628574 0.628574
4095.487549 0.000000 661.713074 0.000000 0.648664 0.000000 -0.761075 0.747705 0.747705 0.747705
4083.708496 0.000000 667.541138 0.000000 0.992408 0.000000 -0.122991 0.606280 0.606280 0.606280
4093.999512 0.000000 666.900085 0.000000 0.892722 0.000000 -0.450607 0.663018 0.663018 0.663018
4090.371582 0.000000 660.188049 0.000000 0.913985 0.000000 -0.405747 0.656325 0.656325 0.656325
4085.181885 0.000000 658.253052 0.000000 0.101355 0.000000 -0.994850 0.710043 0.710043 0.710043
4088.720459 0.000000 665.108582 0.000000 0.153960 0.000000 -0.988077 0.754862 0.754862 0.754862
4092.121826 0.000000 652.287781 0.000000 0.346888 0.000000 -0.937907 0.774941 0.774941 0.774941
4090.897461 0.000000 655.582397 0.000000 0.568435 0.000000 -0.822728 0.725914 0.725914 0.725914
4092.035156 0.000000 658.485474 0.000000 0.996728 0.000000 -0.080832 0.612000 0.612000 0.612000
4088.216797 0.000000 655.748535 0.000000 0.447492 0.000000 -0.894288 0.722689 0.722689 0.722689
4091.879150 0.000000 648.433777 0.000000 0.100391 0.000000 -0.994948 0.767375 0.767375 0.767375
4091.593750 0.000000 668.553406 0.000000 0.393649 0.000000 -0.919261 0.725776 0.725776 0.725776
4087.234131 0.000000 669.970825 0.000000 0.890493 0.000000 -0.454996 0.636794 0.636794 0.636794
4091.095947 0.000000 639.960693 0.000000 0.997344 0.000000 -0.072839 0.605788 0.605788 0.605788
4095.337646 0.000000 655.204163 0.000000 0.965332 0.000000 -0.261024 0.643909 0.643909 0.643909
4091.843750 0.000000 642.602478 0.000000 0.916222 0.000000 -0.400672 0.638904 0.638904 0.638904
4094.793945 0.000000 642.394165 0.000000 0.160074 0.000000 -0.987105 0.781643 0.781643 0.781643
4092.407471 0.000000 665.260010 0.000000 0.861347 0.000000 -0.508017 0.677427 0.677427 0.677427
4089.953125 0.000000 647.842285 0.000000 0.341135 0.000000 -0.940014 0.709889 0.709889 0.709889
4088.659668 0.000000 659.765808 0.000000 0.071071 0.000000 -0.997471 0.768479 0.768479 0.768479
4094.880127 0.000000 668.684265 0.000000 0.708556 0.000000 -0.705654 0.704432 0.704432 0.704432
4092.389404 0.000000 667.079651 0.000000 0.929852 0.000000 -0.367933 0.650796 0.650796 0.650796
4091.239990 0.000000 661.597595 0.000000 0.984848 0.000000 -0.173419 0.623498 0.623498 0.623498
4094.973145 0.000000 665.687195 0.000000 0.437998 0.000000 -0.898976 0.780773 0.780773 0.780773
4116.466309 0.000000 634.905640 0.000000 0.837897 0.000000 -0.545828 0.670919 0.670919 0.670919
4097.476074 0.000000 618.870728 0.000000 0.554603 0.000000 -0.832115 0.602945 0.602945 0.602945
4119.170898 0.000000 626.274963 0.000000 0.974459 0.000000 -0.224566 0.610857 0.610857 0.610857
4108.927734 0.000000 632.307434 0.000000 0.566099 0.000000 -0.824337 0.737896 0.737896 0.737896
4103.757324 0.000000 619.351868 0.000000 0.706869 0.000000 -0.707344 0.609416 0.609416 0.609416
4095.602295 0.000000 636.930969 0.000000 0.764333 0.000000 -0.644822 0.674531 0.674531 0.674531
4111.873047 0.000000 638.000793 0.000000 0.298542 0.000000 -0.954397 0.816466 0.816466 0.816466
4121.204590 0.000000 631.651245 0.000000 0.920058 0.000000 -0.391782 0.633769 0.633769 0.633769
4099.757812 0.000000 623.220459 0.000000 0.040378 0.000000 -0.999184 0.659603 0.659603 0.659603
4109.483887 0.000000 625.518860 0.000000 0.991505 0.000000 -0.130072 0.608988 0.608988 0.608988
4096.800293 0.000000 632.405334 0.000000 0.997375 0.000000 -0.072402 0.607598 0.607598 0.607598
4124.168457 0.000000 628.269043 0.000000 0.494644 0.000000 -0.869096 0.663115 0.663115 0.663115
4137.193359 0.000000 631.419495 0.000000 0.767991 0.000000 -0.640461 0.624989 0.624989 0.624989
4112.876953 0.000000 633.175537 0.000000 0.346510 0.000000 -0.938046 0.749478 0.749478 0.749478
4108.008301 0.000000 628.748901 0.000000 0.999494 0.000000 -0.031815 0.603384 0.603384 0.603384
4103.083008 0.000000 622.507751 0.000000 0.970275 0.000000 -0.242007 0.612083 0.612083 0.612083
4143.208496 0.000000 638.060547 0.000000 0.980205 0.000000 -0.197987 0.612240 0.612240 0.612240
4110.958984 0.000000 629.978027 0.000000 0.417436 0.000000 -0.908706 0.714429 0.714429 0.714429
4116.289062 0.000000 627.027466 0.000000 0.428346 0.000000 -0.903615 0.662525 0.662525 0.662525
4127.019043 0.000000 628.823975 0.000000 0.926460 0.000000 -0.376393 0.621388 0.621388 0.621388
4118.622070 0.000000 632.934570 0.000000 0.390544 0.000000 -0.920584 0.722636 0.722636 0.722636
4097.134277 0.000000 629.578979 0.000000 0.934193 0.000000 -0.356767 0.628415 0.628415 0.628415
4109.199707 0.000000 638.723450 0.000000 0.072000 0.000000 -0.997405 0.880625 0.880625 0.880625
4102.025879 0.000000 631.739563 0.000000 0.070308 0.000000 -0.997525 0.784298 0.784298 0.784298
4115.624512 0.000000 632.325134 0.000000 0.994609 0.000000 -0.103697 0.611360 0.611360 0.611360
4099.345703 0.000000 631.741516 0.000000 0.993392 0.000000 -0.114770 0.612061 0.612061 0.612061
4109.788574 0.000000 622.901001 0.000000 0.307124 0.000000 -0.951669 0.664101 0.664101 0.664101
4106.383301 0.000000 632.931458 0.000000 0.782998 0.000000 -0.622024 0.698549 0.698549 0.698549
4111.715820 0.000000 635.488098 0.000000 0.999606 0.000000 -0.028053 0.604203 0.604203 0.604203
4105.756348 0.000000 627.653625 0.000000 0.594252 0.000000 -0.804279 0.683985 0.683985 0.683985
4111.164551 0.000000 627.560181 0.000000 0.378406 0.000000 -0.925640 0.697440 0.697440 0.697440
4113.445801 0.000000 630.808533 0.000000 0.709396 0.000000 -0.704810 0.685528 0.685528 0.685528
4097.256348 0.000000 638.920654 0.000000 0.823404 0.000000 -0.567455 0.678637 0.678637 0.678637
4106.736328 0.000000 635.409424 0.000000 0.904494 0.000000 -0.426486 0.672599 0.672599 0.672599
4121.996094 0.000000 633.962402 0.000000 0.936439 0.000000 -0.350829 0.636512 0.636512 0.636512
4114.103027 0.000000 635.255371 0.000000 0.688443 0.000000 -0.725291 0.699671 0.699671 0.699671
4104.079102 0.000000 638.957764 0.000000 0.588502 0.000000 -0.808496 0.784767 0.784767 0.784767
4119.588379 0.000000 630.153992 0.000000 0.642841 0.000000 -0.766000 0.674504 0.674504 0.674504
4126.282715 0.000000 633.912781 0.000000 0.911934 0.000000 -0.410336 0.638635 0.638635 0.638635
4115.535156 0.000000 629.007935 0.000000 0.999856 0.000000 -0.016993 0.601400 0.601400 0.601400
4124.973633 0.000000 632.453186 0.000000 0.985489 0.000000 -0.169738 0.616607 0.616607 0.616607
4111.031738 0.000000 639.833435 0.000000 0.441259 0.000000 -0.897380 0.790196 0.790196 0.790196
4099.129395 0.000000 633.779114 0.000000 0.244968 0.000000 -0.969531 0.756596 0.756596 0.756596
4116.714355 0.000000 636.855225 0.000000 0.910256 0.000000 -0.414046 0.660109 0.660109 0.660109
4108.015137 0.000000 633.999939 0.000000 0.985995 0.000000 -0.166777 0.623844 0.623844 0.623844
4111.708984 0.000000 631.695679 0.000000 0.679132 0.000000 -0.734016 0.697535 0.697535 0.697535
4099.302734 0.000000 639.280029 0.000000 0.999974 0.000000 -0.007163 0.601062 0.601062 0.601062
4104.433105 0.000000 636.366333 0.000000 0.288260 0.000000 -0.957552 0.831707 0.831707 0.831707
4113.281250 0.000000 636.902100 0.000000 0.001907 0.000000 -0.999998 0.830308 0.830308 0.830308
4102.726074 0.000000 635.169739 0.000000 0.821477 0.000000 -0.570242 0.695439 0.695439 0.695439
4110.229492 0.000000 637.307983 0.000000 0.300599 0.000000 -0.953751 0.806620 0.806620 0.806620
4128.036621 0.000000 635.944580 0.000000 0.959996 0.000000 -0.280014 0.628909 0.628909 0.628909
4129.239258 0.000000 638.751343 0.000000 0.999418 0.000000 -0.034119 0.604703 0.604703 0.604703
4099.180176 0.000000 635.463196 0.000000 0.216658 0.000000 -0.976247 0.778271 0.778271 0.778271
4102.579102 0.000000 630.128113 0.000000 0.471129 0.000000 -0.882065 0.732684 0.732684 0.732684
4101.263672 0.000000 638.041260 0.000000 0.742678 0.000000 -0.669649 0.720899 0.720899 0.720899
4125.630859 0.000000 638.327820 0.000000 0.170614 0.000000 -0.985338 0.811708 0.811708 0.811708
4100.673340 0.000000 632.776794 0.000000 0.437620 0.000000 -0.899160 0.745677 0.745677 0.745677
4102.680176 0.000000 639.703491 0.000000 0.739963 0.000000 -0.672647 0.734827 0.734827 0.734827
4109.537109 0.000000 634.480225 0.000000 0.696315 0.000000 -0.717736 0.728310 0.728310 0.728310
4105.527832 0.000000 639.292725 0.000000 0.053602 0.000000 -0.998562 0.897712 0.897712 0.897712
4097.476074 0.000000 682.855103 0.000000 0.011135 0.000000 -0.999938 0.700459 0.700459 0.700459
4150.553223 0.000000 640.596008 0.000000 0.844529 0.000000 -0.535510 0.608465 0.608465 0.608465
4101.061523 0.000000 698.399780 0.000000 0.985736 0.000000 -0.168301 0.600253 0.600253 0.600253
4111.940918 0.000000 685.201843 0.000000 0.927578 0.000000 -0.373629 0.660800 0.660800 0.660800
4105.175293 0.000000 650.089233 0.000000 0.843158 0.000000 -0.537665 0.714794 0.714794 0.714794
4104.061523 0.000000 689.711975 0.000000 0.986889 0.000000 -0.161401 0.614570 0.614570 0.614570
4095.730713 0.000000 664.722290 0.000000 0.554131 0.000000 -0.832430 0.759104 0.759104 0.759104
4120.515625 0.000000 662.175903 0.000000 0.902635 0.000000 -0.430406 0.637324 0.637324 0.637324
4115.139160 0.000000 648.867371 0.000000 0.943069 0.000000 -0.332597 0.660946 0.660946 0.660946
4104.301758 0.000000 660.171875 0.000000 0.996114 0.000000 -0.088078 0.618363 0.618363 0.618363
4096.000977 0.000000 690.960327 0.000000 0.776019 0.000000 -0.630709 0.613290 0.613290 0.613290
4124.004395 0.000000 702.817078 0.000000 0.780041 0.000000 -0.625728 0.614178 0.614178 0.614178
4126.215820 0.000000 675.652527 0.000000 0.254567 0.000000 -0.967055 0.855759 0.855759 0.855759
4097.817871 0.000000 649.305603 0.000000 0.761704 0.000000 -0.647925 0.717197 0.717197 0.717197
4111.083496 0.000000 672.792664 0.000000 0.793045 0.000000 -0.609163 0.732455 0.732455 0.732455
4103.757324 0.000000 683.336243 0.000000 0.776376 0.000000 -0.630269 0.675586 0.675586 0.675586
4118.227539 0.000000 654.163452 0.000000 0.875994 0.000000 -0.482322 0.661067 0.661067 0.661067
4156.930176 0.000000 660.667358 0.000000 0.347662 0.000000 -0.937620 0.621853 0.621853 0.621853
4102.288574 0.000000 644.531189 0.000000 0.902804 0.000000 -0.430053 0.689231 0.689231 0.689231
4100.752930 0.000000 677.875916 0.000000 0.604544 0.000000 -0.796572 0.714581 0.714581 0.714581
4152.194336 0.000000 679.440002 0.000000 0.994945 0.000000 -0.100420 0.601205 0.601205 0.601205
4129.750977 0.000000 700.996765 0.000000 0.050884 0.000000 -0.998705 0.645534 0.645534 0.645534
4118.981445 0.000000 645.146729 0.000000 0.858368 0.000000 -0.513034 0.713781 0.713781 0.713781
4117.002441 0.000000 666.107849 0.000000 0.992077 0.000000 -0.125630 0.616604 0.616604 0.616604
4100.861328 0.000000 664.170227 0.000000 0.956465 0.000000 -0.291847 0.653678 0.653678 0.653678
4110.239746 0.000000 651.008850 0.000000 0.648424 0.000000 -0.761280 0.733502 0.733502 0.733502
4102.324707 0.000000 654.747314 0.000000 0.533845 0.000000 -0.845582 0.814334 0.814334 0.814334
4098.262695 0.000000 669.385925 0.000000 0.935243 0.000000 -0.354008 0.653119 0.653119 0.653119
4109.483887 0.000000 689.503235 0.000000 0.998825 0.000000 -0.048456 0.605664 0.605664 0.605664
4107.603516 0.000000 645.450073 0.000000 0.089457 0.000000 -0.995991 0.890658 0.890658 0.890658
4121.689453 0.000000 667.683105 0.000000 0.867769 0.000000 -0.496968 0.655314 0.655314 0.655314
4095.534180 0.000000 678.644958 0.000000 0.621325 0.000000 -0.783553 0.659342 0.659342 0.659342
4119.789551 0.000000 649.767334 0.000000 0.530281 0.000000 -0.847822 0.778853 0.778853 0.778853
4108.106445 0.000000 669.477539 0.000000 0.899625 0.000000 -0.436663 0.692734 0.692734 0.692734
4107.558594 0.000000 685.497742 0.000000 0.942556 0.000000 -0.334047 0.643366 0.643366 0.643366
4150.196289 0.000000 651.107605 0.000000 0.814593 0.000000 -0.580033 0.636148 0.636148 0.636148
4136.914062 0.000000 674.276794 0.000000 0.084567 0.000000 -0.996418 0.835968 0.835968 0.835968
4132.787109 0.000000 668.883667 0.000000 0.410018 0.000000 -0.912077 0.835654 0.835654 0.835654
4120.958496 0.000000 641.506287 0.000000 0.989588 0.000000 -0.143929 0.625096 0.625096 0.625096
4151.405273 0.000000 644.398071 0.000000 0.449448 0.000000 -0.893306 0.638058 0.638058 0.638058
4139.302246 0.000000 679.922363 0.000000 0.983488 0.000000 -0.180974 0.622625 0.622625 0.622625
4101.488281 0.000000 651.015991 0.000000 0.880981 0.000000 -0.473151 0.699667 0.699667 0.699667
4114.252441 0.000000 682.202393 0.000000 0.890247 0.000000 -0.455479 0.692090 0.692090 0.692090
4111.541992 0.000000 647.399658 0.000000 0.045016 0.000000 -0.998986 0.881115 0.881115 0.881115
4107.100586 0.000000 681.424622 0.000000 0.242707 0.000000 -0.970100 0.802543 0.802543 0.802543
4111.282715 0.000000 676.742188 0.000000 0.745921 0.000000 -0.666035 0.747394 0.747394 0.747394
4116.280273 0.000000 657.687256 0.000000 0.779850 0.000000 -0.625966 0.669908 0.669908 0.669908
4098.781250 0.000000 645.715149 0.000000 0.071396 0.000000 -0.997448 0.856033 0.856033 0.856033
4144.928711 0.000000 684.349304 0.000000 0.407466 0.000000 -0.913220 0.650005 0.650005 0.650005
4100.988770 0.000000 658.166138 0.000000 0.991774 0.000000 -0.127999 0.626340 0.626340 0.626340
4095.621094 0.000000 652.331360 0.000000 0.847773 0.000000 -0.530360 0.689600 0.689600 0.689600
4112.108887 0.000000 662.863953 0.000000 0.987945 0.000000 -0.154806 0.623282 0.623282 0.623282
4100.769043 0.000000 681.517944 0.000000 0.971328 0.000000 -0.237742 0.625529 0.625529 0.625529
4109.121582 0.000000 699.863708 0.000000 0.466357 0.000000 -0.884597 0.642281 0.642281 0.642281
4146.508789 0.000000 650.015686 0.000000 0.409358 0.000000 -0.912374 0.708435 0.708435 0.708435
4095.524902 0.000000 646.527649 0.000000 0.616527 0.000000 -0.787334 0.728994 0.728994 0.728994
4098.845703 0.000000 652.906555 0.000000 0.649108 0.000000 -0.760696 0.770912 0.770912 0.770912
4103.083008 0.000000 686.492126 0.000000 0.624214 0.000000 -0.781254 0.676560 0.676560 0.676560
4117.718750 0.000000 676.111938 0.000000 0.815605 0.000000 -0.578609 0.713683 0.713683 0.713683
4144.557129 0.000000 645.595703 0.000000 0.999074 0.000000 -0.043021 0.603545 0.603545 0.603545
4096.031738 0.000000 639.993591 0.000000 0.677800 0.000000 -0.735246 0.707648 0.707648 0.707648
4110.958984 0.000000 693.962402 0.000000 0.735751 0.000000 -0.677252 0.673556 0.673556 0.673556
4109.907715 0.000000 641.411743 0.000000 0.099823 0.000000 -0.995005 0.879802 0.879802 0.879802
4114.973145 0.000000 701.689392 0.000000 0.115019 0.000000 -0.993363 0.661048 0.661048 0.661048
4100.909180 0.000000 690.137085 0.000000 0.927329 0.000000 -0.374247 0.618961 0.618961 0.618961
4147.440918 0.000000 640.280457 0.000000 0.956397 0.000000 -0.292069 0.613763 0.613763 0.613763
4120.019531 0.000000 665.157776 0.000000 0.465233 0.000000 -0.885188 0.702570 0.702570 0.702570
4095.571533 0.000000 658.421143 0.000000 0.562410 0.000000 -0.826858 0.761864 0.761864 0.761864
4112.511230 0.000000 689.426392 0.000000 0.608878 0.000000 -0.793264 0.728999 0.728999 0.728999
4128.091797 0.000000 663.724304 0.000000 0.792903 0.000000 -0.609348 0.701095 0.701095 0.701095
4116.877930 0.000000 651.469360 0.000000 0.605193 0.000000 -0.796079 0.746203 0.746203 0.746203
4137.917480 0.000000 677.177673 0.000000 0.466503 0.000000 -0.884519 0.764221 0.764221 0.764221
4114.240723 0.000000 645.886719 0.000000 0.422018 0.000000 -0.906588 0.846549 0.846549 0.846549
4105.162109 0.000000 643.824341 0.000000 0.277816 0.000000 -0.960634 0.864581 0.864581 0.864581
4120.330078 0.000000 673.514893 0.000000 0.471380 0.000000 -0.881930 0.755297 0.755297 0.755297
4109.542969 0.000000 664.406616 0.000000 0.993058 0.000000 -0.117623 0.622605 0.622605 0.622605
4114.337402 0.000000 664.734619 0.000000 0.820433 0.000000 -0.571743 0.684786 0.684786 0.684786
4117.745605 0.000000 663.045471 0.000000 0.295977 0.000000 -0.955195 0.744616 0.744616 0.744616
4123.793945 0.000000 677.175110 0.000000 0.469723 0.000000 -0.882814 0.794459 0.794459 0.794459
4111.471191 0.000000 669.973389 0.000000 0.667052 0.000000 -0.745011 0.758645 0.758645 0.758645
4104.641113 0.000000 652.935730 0.000000 0.933765 0.000000 -0.357887 0.671820 0.671820 0.671820
4103.514648 0.000000 676.937073 0.000000 0.971783 0.000000 -0.235878 0.633529 0.633529 0.633529
4148.104980 0.000000 653.123169 0.000000 0.513965 0.000000 -0.857811 0.683395 0.683395 0.683395
4108.669922 0.000000 675.446716 0.000000 0.998342 0.000000 -0.057565 0.611389 0.611389 0.611389
4100.184570 0.000000 684.364685 0.000000 0.107089 0.000000 -0.994249 0.722764 0.722764 0.722764
4151.025391 0.000000 672.249207 0.000000 0.933189 0.000000 -0.359386 0.619273 0.619273 0.619273
4112.541992 0.000000 660.081177 0.000000 0.961708 0.000000 -0.274076 0.639923 0.639923 0.639923
4121.095703 0.000000 647.157837 0.000000 0.467208 0.000000 -0.884148 0.812843 0.812843 0.812843
4117.828613 0.000000 647.767456 0.000000 0.490615 0.000000 -0.871377 0.806025 0.806025 0.806025
4123.230469 0.000000 661.262939 0.000000 0.241744 0.000000 -0.970340 0.727181 0.727181 0.727181
4099.733398 0.000000 655.737732 0.000000 0.848661 0.000000 -0.528937 0.711037 0.711037 0.711037
4142.693359 0.000000 672.960938 0.000000 0.548283 0.000000 -0.836293 0.718694 0.718694 0.718694
4098.109375 0.000000 663.144531 0.000000 0.951368 0.000000 -0.308056 0.662387 0.662387 0.662387
4123.846680 0.000000 669.372437 0.000000 0.727950 0.000000 -0.685630 0.700716 0.700716 0.700716
4121.010742 0.000000 670.312683 0.000000 0.992043 0.000000 -0.125898 0.616640 0.616640 0.616640
4108.679199 0.000000 666.909607 0.000000 0.669084 0.000000 -0.743187 0.761895 0.761895 0.761895
4112.832031 0.000000 650.133240 0.000000 0.971381 0.000000 -0.237526 0.638438 0.638438 0.638438
4114.698242 0.000000 655.596985 0.000000 0.996877 0.000000 -0.078970 0.609710 0.609710 0.609710
4123.810059 0.000000 674.559692 0.000000 0.049458 0.000000 -0.998776 0.857507 0.857507 0.857507
4118.560547 0.000000 642.558777 0.000000 0.983006 0.000000 -0.183572 0.636504 0.636504 0.636504
4149.174316 0.000000 658.253052 0.000000 0.986782 0.000000 -0.162052 0.615117 0.615117 0.615117
4126.617188 0.000000 661.305908 0.000000 0.469454 0.000000 -0.882957 0.744264 0.744264 0.744264
4138.877930 0.000000 684.797363 0.000000 0.747567 0.000000 -0.664186 0.663110 0.663110 0.663110
4095.708984 0.000000 681.117493 0.000000 0.967563 0.000000 -0.252629 0.614155 0.614155 0.614155
4098.272949 0.000000 657.981384 0.000000 0.419452 0.000000 -0.907778 0.828413 0.828413 0.828413
4130.712402 0.000000 662.859558 0.000000 0.203709 0.000000 -0.979032 0.835250 0.835250 0.835250
4132.891113 0.000000 666.382507 0.000000 0.420368 0.000000 -0.907354 0.828211 0.828211 0.828211
4113.689453 0.000000 676.045349 0.000000 0.820291 0.000000 -0.571947 0.730424 0.730424 0.730424
4105.756348 0.000000 691.638000 0.000000 0.841384 0.000000 -0.540438 0.644473 0.644473 0.644473
4113.349121 0.000000 671.880005 0.000000 0.750028 0.000000 -0.661406 0.732070 0.732070 0.732070
4107.779297 0.000000 642.885498 0.000000 0.900076 0.000000 -0.435733 0.689821 0.689821 0.689821
4114.812988 0.000000 667.287170 0.000000 0.900183 0.000000 -0.435512 0.666823 0.666823 0.666823
4128.295898 0.000000 666.518433 0.000000 0.759053 0.000000 -0.651029 0.718937 0.718937 0.718937
4145.648438 0.000000 647.773315 0.000000 0.802105 0.000000 -0.597183 0.659436 0.659436 0.659436
4137.145020 0.000000 680.907898 0.000000 0.655672 0.000000 -0.755046 0.708954 0.708954 0.708954
4139.146973 0.000000 682.441895 0.000000 0.121493 0.000000 -0.992592 0.745424 0.745424 0.745424
4113.907227 0.000000 642.005676 0.000000 0.122593 0.000000 -0.992457 0.881950 0.881950 0.881950
4111.937988 0.000000 682.751099 0.000000 0.657601 0.000000 -0.753366 0.744412 0.744412 0.744412
4116.706055 0.000000 645.711121 0.000000 0.773674 0.000000 -0.633583 0.742870 0.742870 0.742870
4113.124512 0.000000 687.153076 0.000000 0.982823 0.000000 -0.184553 0.628916 0.628916 0.628916
4122.063477 0.000000 649.454773 0.000000 0.430568 0.000000 -0.902558 0.807400 0.807400 0.807400
4127.436035 0.000000 659.106445 0.000000 0.859379 0.000000 -0.511339 0.673968 0.673968 0.673968
4116.689453 0.000000 669.244873 0.000000 0.433200 0.000000 -0.901298 0.758090 0.758090 0.758090
4126.498535 0.000000 673.393372 0.000000 0.767628 0.000000 -0.640895 0.729215 0.729215 0.729215
4126.985352 0.000000 686.337280 0.000000 0.682279 0.000000 -0.731092 0.728959 0.728959 0.728959
4147.402832 0.000000 656.372498 0.000000 0.965250 0.000000 -0.261330 0.628516 0.628516 0.628516
4109.307129 0.000000 671.362610 0.000000 0.140105 0.000000 -0.990137 0.904218 0.904218 0.904218
4095.572021 0.000000 649.092651 0.000000 0.904787 0.000000 -0.425865 0.665238 0.665238 0.665238
4146.159180 0.000000 674.666504 0.000000 0.977841 0.000000 -0.209348 0.616428 0.616428 0.616428
4103.011230 0.000000 649.316406 0.000000 0.896424 0.000000 -0.443198 0.694228 0.694228 0.694228
4126.354004 0.000000 665.401184 0.000000 0.926427 0.000000 -0.376474 0.654927 0.654927 0.654927
4119.349121 0.000000 640.000244 0.000000 0.059909 0.000000 -0.998204 0.871578 0.871578 0.871578
4123.265625 0.000000 679.305908 0.000000 0.997773 0.000000 -0.066704 0.612899 0.612899 0.612899
4098.065430 0.000000 642.762695 0.000000 0.287438 0.000000 -0.957799 0.806952 0.806952 0.806952
4120.509277 0.000000 643.628662 0.000000 0.543053 0.000000 -0.839698 0.789614 0.789614 0.789614
4126.282715 0.000000 697.897156 0.000000 0.422235 0.000000 -0.906486 0.681599 0.681599 0.681599
4118.392578 0.000000 692.301636 0.000000 0.447102 0.000000 -0.894483 0.732689 0.732689 0.732689
4112.869629 0.000000 674.108337 0.000000 0.667181 0.000000 -0.744896 0.768683 0.768683 0.768683
4098.529785 0.000000 674.517822 0.000000 0.047778 0.000000 -0.998858 0.777945 0.777945 0.777945
4131.044922 0.000000 667.503296 0.000000 0.130918 0.000000 -0.991393 0.863065 0.863065 0.863065
4096.285645 0.000000 661.862549 0.000000 0.990575 0.000000 -0.136968 0.626139 0.626139 0.626139
4104.997559 0.000000 681.586731 0.000000 0.832506 0.000000 -0.554016 0.680919 0.680919 0.680919
4123.030762 0.000000 642.320801 0.000000 0.244744 0.000000 -0.969588 0.855752 0.855752 0.855752
4114.713867 0.000000 651.127197 0.000000 0.910785 0.000000 -0.412880 0.668217 0.668217 0.668217
4112.806152 0.000000 668.313354 0.000000 0.957509 0.000000 -0.288404 0.650835 0.650835 0.650835
4099.997070 0.000000 649.502075 0.000000 0.487362 0.000000 -0.873200 0.795619 0.795619 0.795619
4126.316895 0.000000 639.916260 0.000000 0.634935 0.000000 -0.772565 0.725636 0.725636 0.725636
4125.956543 0.000000 646.545471 0.000000 0.983108 0.000000 -0.183027 0.638600 0.638600 0.638600
4109.359375 0.000000 652.875549 0.000000 0.045289 0.000000 -0.998974 0.846789 0.846789 0.846789
4112.734863 0.000000 654.890198 0.000000 0.335033 0.000000 -0.942207 0.758342 0.758342 0.758342
4142.808105 0.000000 677.455872 0.000000 0.135119 0.000000 -0.990829 0.748345 0.748345 0.748345
4096.868164 0.000000 644.928650 0.000000 0.689519 0.000000 -0.724268 0.724968 0.724968 0.724968
4104.744141 0.000000 687.646362 0.000000 0.990019 0.000000 -0.140932 0.614403 0.614403 0.614403
4097.516602 0.000000 651.417786 0.000000 0.520903 0.000000 -0.853616 0.776205 0.776205 0.776205
4132.249023 0.000000 661.492065 0.000000 0.116676 0.000000 -0.993170 0.872221 0.872221 0.872221
4142.208496 0.000000 674.894104 0.000000 0.182004 0.000000 -0.983298 0.757988 0.757988 0.757988
4124.281250 0.000000 653.098022 0.000000 0.991891 0.000000 -0.127090 0.620616 0.620616 0.620616
4102.221191 0.000000 684.663635 0.000000 0.910200 0.000000 -0.414169 0.642218 0.642218 0.642218
4101.833496 0.000000 679.696655 0.000000 0.588835 0.000000 -0.808253 0.707146 0.707146 0.707146
4110.265137 0.000000 648.913025 0.000000 0.768451 0.000000 -0.639909 0.718575 0.718575 0.718575
4102.993652 0.000000 658.438843 0.000000 0.385607 0.000000 -0.922663 0.841115 0.841115 0.841115
4110.625000 0.000000 674.817200 0.000000 0.250070 0.000000 -0.968228 0.882330 0.882330 0.882330
4103.491211 0.000000 651.289673 0.000000 0.079400 0.000000 -0.996843 0.908276 0.908276 0.908276
4106.663574 0.000000 647.242065 0.000000 0.963394 0.000000 -0.268091 0.652039 0.652039 0.652039
4099.574219 0.000000 659.487793 0.000000 0.866616 0.000000 -0.498975 0.704861 0.704861 0.704861
4141.364746 0.000000 642.852600 0.000000 0.198510 0.000000 -0.980099 0.739645 0.739645 0.739645
4149.858887 0.000000 665.378174 0.000000 0.999887 0.000000 -0.015025 0.601350 0.601350 0.601350
4116.502441 0.000000 659.705994 0.000000 0.098791 0.000000 -0.995108 0.749921 0.749921 0.749921
4144.604980 0.000000 650.481628 0.000000 0.965961 0.000000 -0.258687 0.629396 0.629396 0.629396
4147.926270 0.000000 671.800049 0.000000 0.294713 0.000000 -0.955586 0.720004 0.720004 0.720004
4109.153320 0.000000 673.443542 0.000000 0.221119 0.000000 -0.975247 0.878616 0.878616 0.878616
4097.729492 0.000000 640.873840 0.000000 0.871357 0.000000 -0.490649 0.671442 0.671442 0.671442
4122.979492 0.000000 659.302917 0.000000 0.876701 0.000000 -0.481036 0.652620 0.652620 0.652620
4115.727539 0.000000 663.187500 0.000000 0.798340 0.000000 -0.602206 0.685189 0.685189 0.685189
4115.681641 0.000000 675.806213 0.000000 0.884496 0.000000 -0.466548 0.690884 0.690884 0.690884
4113.778809 0.000000 680.397461 0.000000 0.689972 0.000000 -0.723836 0.755180 0.755180 0.755180
4112.397949 0.000000 645.437195 0.000000 0.491988 0.000000 -0.870602 0.821543 0.821543 0.821543
4131.130859 0.000000 686.978760 0.000000 0.977999 0.000000 -0.208611 0.628017 0.628017 0.628017
4096.945801 0.000000 653.737000 0.000000 0.253029 0.000000 -0.967459 0.836371 0.836371 0.836371
4129.950195 0.000000 655.904846 0.000000 0.988694 0.000000 -0.149948 0.625928 0.625928 0.625928
4109.269043 0.000000 691.356079 0.000000 0.999855 0.000000 -0.017000 0.601732 0.601732 0.601732
4102.596191 0.000000 656.591370 0.000000 0.303314 0.000000 -0.952891 0.864786 0.864786 0.864786
4137.199219 0.000000 678.905029 0.000000 0.506053 0.000000 -0.862503 0.743349 0.743349 0.743349
4104.943848 0.000000 678.131287 0.000000 0.156809 0.000000 -0.987629 0.809591 0.809591 0.809591
4148.935547 0.000000 660.130188 0.000000 0.267588 0.000000 -0.963533 0.720724 0.720724 0.720724
4146.609863 0.000000 654.634033 0.000000 0.608152 0.000000 -0.793820 0.694785 0.694785 0.694785
4108.721680 0.000000 639.938293 0.000000 0.850375 0.000000 -0.526177 0.703750 0.703750 0.703750
4113.922363 0.000000 662.533813 0.000000 0.998918 0.000000 -0.046511 0.606970 0.606970 0.606970
4120.964355 0.000000 690.620911 0.000000 0.828143 0.000000 -0.560516 0.682889 0.682889 0.682889
4120.716309 0.000000 681.124634 0.000000 0.875639 0.000000 -0.482966 0.701172 0.701172 0.701172
4115.567383 0.000000 683.656250 0.000000 0.995525 0.000000 -0.094502 0.618430 0.618430 0.618430
4119.463379 0.000000 675.377258 0.000000 0.578453 0.000000 -0.815716 0.752900 0.752900 0.752900
4105.255371 0.000000 673.120300 0.000000 0.542023 0.000000 -0.840363 0.774899 0.774899 0.774899
4110.282715 0.000000 643.258728 0.000000 0.912841 0.000000 -0.408315 0.677495 0.677495 0.677495
4128.066406 0.000000 675.960144 0.000000 0.600726 0.000000 -0.799455 0.795661 0.795661 0.795661
4108.424805 0.000000 662.925171 0.000000 0.961559 0.000000 -0.274598 0.651252 0.651252 0.651252
4124.741699 0.000000 672.991577 0.000000 0.985786 0.000000 -0.168004 0.628826 0.628826 0.628826
4129.883301 0.000000 641.866272 0.000000 0.434571 0.000000 -0.900638 0.772992 0.772992 0.772992
4137.969238 0.000000 640.446411 0.000000 0.461660 0.000000 -0.887057 0.725829 0.725829 0.725829
4115.609863 0.000000 647.122314 0.000000 0.987787 0.000000 -0.155810 0.630934 0.630934 0.630934
4112.428223 0.000000 664.639282 0.000000 0.997592 0.000000 -0.069349 0.610812 0.610812 0.610812
4129.169434 0.000000 682.471741 0.000000 0.776260 0.000000 -0.630413 0.717497 0.717497 0.717497
4096.509277 0.000000 669.334229 0.000000 0.513442 0.000000 -0.858124 0.746801 0.746801 0.746801
4099.272461 0.000000 651.153564 0.000000 0.291787 0.000000 -0.956483 0.838677 0.838677 0.838677
4136.688477 0.000000 664.128784 0.000000 0.958260 0.000000 -0.285900 0.657330 0.657330 0.657330
4102.156250 0.000000 662.972717 0.000000 0.509792 0.000000 -0.860298 0.801712 0.801712 0.801712
4116.150391 0.000000 641.698547 0.000000 0.663510 0.000000 -0.748167 0.750677 0.750677 0.750677
4122.198730 0.000000 677.912598 0.000000 0.977028 0.000000 -0.213111 0.638603 0.638603 0.638603
4104.794434 0.000000 664.774170 0.000000 0.380101 0.000000 -0.924945 0.838800 0.838800 0.838800
4109.482422 0.000000 676.999207 0.000000 0.413505 0.000000 -0.910502 0.817725 0.817725 0.817725
4110.865234 0.000000 678.525024 0.000000 0.315431 0.000000 -0.948949 0.839647 0.839647 0.839647
4102.666992 0.000000 667.526855 0.000000 0.975104 0.000000 -0.221750 0.640529 0.640529 0.640529
4118.272461 0.000000 664.801392 0.000000 0.981544 0.000000 -0.191235 0.620464 0.620464 0.620464
4121.099609 0.000000 651.029541 0.000000 0.863564 0.000000 -0.504240 0.685499 0.685499 0.685499
4108.185059 0.000000 687.528381 0.000000 0.915532 0.000000 -0.402244 0.654568 0.654568 0.654568
4113.406738 0.000000 666.207764 0.000000 0.987837 0.000000 -0.155491 0.625725 0.625725 0.625725
4100.067871 0.000000 679.579834 0.000000 0.999711 0.000000 -0.024031 0.602736 0.602736 0.602736
4144.149414 0.000000 666.712830 0.000000 0.925112 0.000000 -0.379695 0.647838 0.647838 0.647838
4122.620117 0.000000 691.350891 0.000000 0.343833 0.000000 -0.939031 0.766273 0.766273 0.766273
4110.293945 0.000000 684.802124 0.000000 0.643486 0.000000 -0.765458 0.738417 0.738417 0.738417
4141.229004 0.000000 671.926392 0.000000 0.100548 0.000000 -0.994932 0.815803 0.815803 0.815803
4106.392578 0.000000 653.612488 0.000000 0.997309 0.000000 -0.073313 0.613190 0.613190 0.613190
4105.416016 0.000000 648.411560 0.000000 0.709428 0.000000 -0.704778 0.759330 0.759330 0.759330
4105.854980 0.000000 645.363831 0.000000 0.960746 0.000000 -0.277430 0.659374 0.659374 0.659374
4124.262207 0.000000 643.465210 0.000000 0.557448 0.000000 -0.830212 0.778999 0.778999 0.778999
4124.899902 0.000000 661.520630 0.000000 0.946360 0.000000 -0.323114 0.637456 0.637456 0.637456
4101.227539 0.000000 640.389832 0.000000 0.515707 0.000000 -0.856765 0.775710 0.775710 0.775710
4098.378906 0.000000 654.643005 0.000000 0.613095 0.000000 -0.790009 0.781458 0.781458 0.781458
4096.045898 0.000000 660.086304 0.000000 0.069376 0.000000 -0.997591 0.885615 0.885615 0.885615
4108.668457 0.000000 658.966614 0.000000 0.692259 0.000000 -0.721649 0.738874 0.738874 0.738874
4124.715332 0.000000 667.822632 0.000000 0.969204 0.000000 -0.246261 0.633917 0.633917 0.633917
4107.745605 0.000000 679.780151 0.000000 0.512622 0.000000 -0.858614 0.770137 0.770137 0.770137
4139.598633 0.000000 660.185242 0.000000 0.418262 0.000000 -0.908327 0.811611 0.811611 0.811611
4125.349609 0.000000 648.243225 0.000000 0.074378 0.000000 -0.997230 0.891385 0.891385 0.891385
4135.986816 0.000000 677.674011 0.000000 0.688496 0.000000 -0.725240 0.733693 0.733693 0.733693
4099.261719 0.000000 667.789551 0.000000 0.357103 0.000000 -0.934065 0.798655 0.798655 0.798655
4096.505859 0.000000 666.269592 0.000000 0.999682 0.000000 -0.025211 0.604003 0.604003 0.604003
4142.587402 0.000000 665.892944 0.000000 0.497890 0.000000 -0.867240 0.752511 0.752511 0.752511
4135.391602 0.000000 656.171326 0.000000 0.210910 0.000000 -0.977505 0.884847 0.884847 0.884847
4128.045898 0.000000 662.066589 0.000000 0.652124 0.000000 -0.758112 0.732750 0.732750 0.732750
4130.369629 0.000000 685.514709 0.000000 0.750473 0.000000 -0.660901 0.705990 0.705990 0.705990
4131.119629 0.000000 669.436951 0.000000 0.990752 0.000000 -0.135688 0.626300 0.626300 0.626300
4102.662109 0.000000 660.097168 0.000000 0.990999 0.000000 -0.133868 0.626147 0.626147 0.626147
4104.289062 0.000000 667.436523 0.000000 0.650277 0.000000 -0.759697 0.769316 0.769316 0.769316
4122.934082 0.000000 654.182556 0.000000 0.986138 0.000000 -0.165928 0.622723 0.622723 0.622723
4104.720703 0.000000 639.985413 0.000000 0.850091 0.000000 -0.526635 0.708836 0.708836 0.708836
4135.089355 0.000000 659.194092 0.000000 0.203224 0.000000 -0.979132 0.882402 0.882402 0.882402
4127.832520 0.000000 657.428040 0.000000 0.417001 0.000000 -0.908906 0.767445 0.767445 0.767445
4121.531738 0.000000 652.711487 0.000000 0.489517 0.000000 -0.871994 0.752323 0.752323 0.752323
4131.826172 0.000000 654.746094 0.000000 0.992301 0.000000 -0.123846 0.623249 0.623249 0.623249
4122.269043 0.000000 669.216187 0.000000 0.999999 0.000000 -0.001459 0.600195 0.600195 0.600195
4129.205078 0.000000 644.563354 0.000000 0.330086 0.000000 -0.943951 0.831131 0.831131 0.831131
4124.307129 0.000000 670.934753 0.000000 0.176660 0.000000 -0.984272 0.823301 0.823301 0.823301
4138.663086 0.000000 656.572327 0.000000 0.982129 0.000000 -0.188209 0.634318 0.634318 0.634318
4122.572754 0.000000 687.669434 0.000000 0.985402 0.000000 -0.170244 0.629470 0.629470 0.629470
4123.169434 0.000000 685.410461 0.000000 0.400264 0.000000 -0.916400 0.820483 0.820483 0.820483
4132.016113 0.000000 664.596985 0.000000 0.977884 0.000000 -0.209146 0.640399 0.640399 0.640399
4126.633301 0.000000 663.102783 0.000000 0.415515 0.000000 -0.909586 0.755707 0.755707 0.755707
4110.080078 0.000000 666.140564 0.000000 0.482098 0.000000 -0.876117 0.793529 0.793529 0.793529
4141.190918 0.000000 651.312805 0.000000 0.227701 0.000000 -0.973731 0.794858 0.794858 0.794858
4108.665039 0.000000 644.261719 0.000000 0.823415 0.000000 -0.567440 0.707557 0.707557 0.707557
4134.213867 0.000000 652.431458 0.000000 0.960935 0.000000 -0.276776 0.656290 0.656290 0.656290
4112.359375 0.000000 681.206482 0.000000 0.997331 0.000000 -0.073019 0.614013 0.614013 0.614013
4106.158203 0.000000 656.488037 0.000000 0.960771 0.000000 -0.277342 0.652620 0.652620 0.652620
4137.077148 0.000000 661.352478 0.000000 0.942792 0.000000 -0.333381 0.668223 0.668223 0.668223
4130.891602 0.000000 660.626953 0.000000 0.776029 0.000000 -0.630697 0.715516 0.715516 0.715516
4127.963867 0.000000 668.498962 0.000000 0.459891 0.000000 -0.887975 0.778446 0.778446 0.778446
4131.029785 0.000000 657.748474 0.000000 0.618600 0.000000 -0.785706 0.761112 0.761112 0.761112
4120.204102 0.000000 686.765442 0.000000 0.596694 0.000000 -0.802469 0.764634 0.764634 0.764634
4108.179688 0.000000 653.935791 0.000000 0.574677 0.000000 -0.818380 0.755077 0.755077 0.755077
4139.101562 0.000000 649.246216 0.000000 0.175028 0.000000 -0.984563 0.808940 0.808940 0.808940
4139.674316 0.000000 650.969666 0.000000 0.786171 0.000000 -0.618009 0.706779 0.706779 0.706779
4135.781250 0.000000 643.124939 0.000000 0.944946 0.000000 -0.327227 0.647439 0.647439 0.647439
4124.554199 0.000000 640.047607 0.000000 0.963759 0.000000 -0.266773 0.645709 0.645709 0.645709
4134.395508 0.000000 669.327881 0.000000 0.981230 0.000000 -0.192843 0.638080 0.638080 0.638080
4143.558594 0.000000 653.202515 0.000000 0.951847 0.000000 -0.306572 0.642473 0.642473 0.642473
4111.193359 0.000000 640.311462 0.000000 0.018523 0.000000 -0.999828 0.867397 0.867397 0.867397
4103.681152 0.000000 647.850952 0.000000 0.238210 0.000000 -0.971214 0.880965 0.880965 0.880965
4121.565430 0.000000 672.437866 0.000000 0.183890 0.000000 -0.982947 0.799287 0.799287 0.799287
4102.088867 0.000000 669.145630 0.000000 0.788074 0.000000 -0.615581 0.714231 0.714231 0.714231
4117.945801 0.000000 652.553772 0.000000 0.459710 0.000000 -0.888069 0.753918 0.753918 0.753918
4135.534180 0.000000 660.899841 0.000000 0.518519 0.000000 -0.855066 0.807413 0.807413 0.807413
4108.363281 0.000000 665.388123 0.000000 0.574330 0.000000 -0.818624 0.783876 0.783876 0.783876
4122.732910 0.000000 676.081421 0.000000 0.979448 0.000000 -0.201697 0.636506 0.636506 0.636506
4118.937500 0.000000 672.896973 0.000000 0.663248 0.000000 -0.748399 0.724138 0.724138 0.724138
4130.090820 0.000000 659.286987 0.000000 0.864645 0.000000 -0.502383 0.691459 0.691459 0.691459
4142.902832 0.000000 660.509399 0.000000 0.743253 0.000000 -0.669011 0.708682 0.708682 0.708682
4136.149414 0.000000 666.842224 0.000000 0.983374 0.000000 -0.181592 0.635832 0.635832 0.635832
4129.422363 0.000000 667.519348 0.000000 0.009254 0.000000 -0.999957 0.861977 0.861977 0.861977
4114.742188 0.000000 672.499023 0.000000 0.029083 0.000000 -0.999577 0.872506 0.872506 0.872506
4099.854004 0.000000 654.135559 0.000000 0.966935 0.000000 -0.255023 0.651374 0.651374 0.651374
4107.491211 0.000000 668.050171 0.000000 0.997034 0.000000 -0.076966 0.616157 0.616157 0.616157
4122.681641 0.000000 673.551941 0.000000 0.951733 0.000000 -0.306926 0.649534 0.649534 0.649534
4113.262207 0.000000 651.716064 0.000000 0.398806 0.000000 -0.917035 0.786016 0.786016 0.786016
4111.867676 0.000000 671.497009 0.000000 0.997414 0.000000 -0.071871 0.614115 0.614115 0.614115
4096.565918 0.000000 663.336853 0.000000 0.629018 0.000000 -0.777391 0.766740 0.766740 0.766740
4122.367188 0.000000 647.974243 0.000000 0.688609 0.000000 -0.725133 0.761616 0.761616 0.761616
4137.792480 0.000000 657.868469 0.000000 0.710799 0.000000 -0.703395 0.755428 0.755428 0.755428
4110.177734 0.000000 681.835999 0.000000 0.971200 0.000000 -0.238267 0.643245 0.643245 0.643245
4097.196777 0.000000 659.070557 0.000000 0.473852 0.000000 -0.880605 0.798457 0.798457 0.798457
4101.056641 0.000000 659.836853 0.000000 0.996056 0.000000 -0.088730 0.618233 0.618233 0.618233
4138.287109 0.000000 673.633545 0.000000 0.952323 0.000000 -0.305091 0.648298 0.648298 0.648298
4112.751953 0.000000 677.251465 0.000000 0.952349 0.000000 -0.305012 0.666393 0.666393 0.666393
4100.683594 0.000000 662.602600 0.000000 0.391891 0.000000 -0.920012 0.830966 0.830966 0.830966
4142.415039 0.000000 659.081421 0.000000 0.569290 0.000000 -0.822137 0.744573 0.744573 0.744573
4138.130859 0.000000 660.278931 0.000000 0.599651 0.000000 -0.800261 0.772320 0.772320 0.772320
4139.291992 0.000000 663.000305 0.000000 0.137521 0.000000 -0.990499 0.861847 0.861847 0.861847
4109.782227 0.000000 669.982727 0.000000 0.984572 0.000000 -0.174980 0.636095 0.636095 0.636095
4115.835449 0.000000 689.561829 0.000000 0.579668 0.000000 -0.814853 0.742674 0.742674 0.742674
4120.399902 0.000000 677.990540 0.000000 0.397292 0.000000 -0.917692 0.794985 0.794985 0.794985
4105.491699 0.000000 676.731079 0.000000 0.989949 0.000000 -0.141424 0.622106 0.622106 0.622106
4116.372559 0.000000 677.092285 0.000000 0.591820 0.000000 -0.806070 0.772727 0.772727 0.772727
4130.556152 0.000000 680.111084 0.000000 0.981503 0.000000 -0.191447 0.632895 0.632895 0.632895
4133.114258 0.000000 659.287720 0.000000 0.983121 0.000000 -0.182957 0.635002 0.635002 0.635002
4100.006836 0.000000 666.498047 0.000000 0.300273 0.000000 -0.953853 0.806675 0.806675 0.806675
4127.122559 0.000000 644.942383 0.000000 0.356130 0.000000 -0.934437 0.834976 0.834976 0.834976
4131.826660 0.000000 646.731201 0.000000 0.954314 0.000000 -0.298805 0.658635 0.658635 0.658635
4103.688477 0.000000 654.085144 0.000000 0.324985 0.000000 -0.945719 0.863713 0.863713 0.863713
4118.551270 0.000000 649.009460 0.000000 0.206389 0.000000 -0.978470 0.840903 0.840903 0.840903
4124.874512 0.000000 684.647583 0.000000 0.548553 0.000000 -0.836116 0.780950 0.780950 0.780950
4116.200684 0.000000 672.985352 0.000000 0.809223 0.000000 -0.587502 0.701590 0.701590 0.701590
4111.300781 0.000000 667.803345 0.000000 0.699044 0.000000 -0.715079 0.744408 0.744408 0.744408
4141.541992 0.000000 664.455200 0.000000 0.908269 0.000000 -0.418387 0.670480 0.670480 0.670480
4118.094238 0.000000 646.243408 0.000000 0.907001 0.000000 -0.421128 0.685298 0.685298 0.685298
4097.110840 0.000000 657.100220 0.000000 0.547387 0.000000 -0.836880 0.782690 0.782690 0.782690
4127.225098 0.000000 671.608398 0.000000 0.274019 0.000000 -0.961724 0.822774 0.822774 0.822774
4130.183594 0.000000 652.195068 0.000000 0.065755 0.000000 -0.997836 0.897577 0.897577 0.897577
4119.571777 0.000000 679.426697 0.000000 0.517754 0.000000 -0.855529 0.789141 0.789141 0.789141
4123.418457 0.000000 648.908691 0.000000 0.099198 0.000000 -0.995068 0.871105 0.871105 0.871105
4130.038574 0.000000 664.112732 0.000000 0.987529 0.000000 -0.157439 0.628181 0.628181 0.628181
4120.900879 0.000000 648.613342 0.000000 0.878854 0.000000 -0.477091 0.689398 0.689398 0.689398
4121.751953 0.000000 642.916565 0.000000 0.994738 0.000000 -0.102450 0.619524 0.619524 0.619524
4114.587402 0.000000 686.872925 0.000000 0.998604 0.000000 -0.052827 0.608788 0.608788 0.608788
4122.223633 0.000000 680.269897 0.000000 0.930576 0.000000 -0.366098 0.678041 0.678041 0.678041
4108.166504 0.000000 646.754700 0.000000 0.199918 0.000000 -0.979813 0.837968 0.837968 0.837968
4127.328613 0.000000 647.031128 0.000000 0.832307 0.000000 -0.554316 0.721453 0.721453 0.721453
4136.301758 0.000000 653.197327 0.000000 0.895049 0.000000 -0.445967 0.685861 0.685861 0.685861
4128.009766 0.000000 683.299255 0.000000 0.925328 0.000000 -0.379167 0.666992 0.666992 0.666992
4123.744141 0.000000 682.291748 0.000000 0.896266 0.000000 -0.443518 0.694301 0.694301 0.694301
4130.819336 0.000000 675.734558 0.000000 0.025624 0.000000 -0.999672 0.910150 0.910150 0.910150
4121.465820 0.000000 682.646118 0.000000 0.320931 0.000000 -0.947103 0.866488 0.866488 0.866488
4132.875977 0.000000 676.722351 0.000000 0.996371 0.000000 -0.085120 0.615191 0.615191 0.615191
4131.642578 0.000000 672.319641 0.000000 0.231818 0.000000 -0.972759 0.882354 0.882354 0.882354
4122.295410 0.000000 641.172485 0.000000 0.941553 0.000000 -0.336864 0.660216 0.660216 0.660216
4117.222168 0.000000 680.858398 0.000000 0.832083 0.000000 -0.554651 0.723298 0.723298 0.723298
4100.990234 0.000000 655.197021 0.000000 0.990107 0.000000 -0.140314 0.628679 0.628679 0.628679
4125.978027 0.000000 685.427429 0.000000 0.797427 0.000000 -0.603416 0.718380 0.718380 0.718380
4100.431152 0.000000 651.865417 0.000000 0.028234 0.000000 -0.999601 0.911937 0.911937 0.911937
4099.539551 0.000000 663.314697 0.000000 0.742333 0.000000 -0.670031 0.746281 0.746281 0.746281
4119.956543 0.000000 642.419739 0.000000 0.187625 0.000000 -0.982241 0.873269 0.873269 0.873269
4119.175293 0.000000 643.735229 0.000000 0.877724 0.000000 -0.479167 0.698805 0.698805 0.698805
4098.048828 0.000000 661.727600 0.000000 0.164172 0.000000 -0.986432 0.890615 0.890615 0.890615
4129.692383 0.000000 650.817810 0.000000 0.163247 0.000000 -0.986585 0.873950 0.873950 0.873950
4111.286133 0.000000 644.610718 0.000000 0.012185 0.000000 -0.999926 0.898840 0.898840 0.898840
4112.429688 0.000000 672.858154 0.000000 0.140121 0.000000 -0.990134 0.874222 0.874222 0.874222
4133.441895 0.000000 656.777344 0.000000 0.601832 0.000000 -0.798622 0.780126 0.780126 0.780126
4135.695312 0.000000 669.104675 0.000000 0.804986 0.000000 -0.593293 0.724633 0.724633 0.724633
"}
