object={
	name="tree_pine_01_b_generator_1_0"
	clamp_to_water_level=no
	render_under_water=no
	generated_content=yes
	layer="tree_high_layer"
	pdxmesh="tree_pine_01_b_mesh"
	count=20
	transform="3525.132080 0.000000 698.399780 0.000000 0.996174 0.000000 0.087396 0.400000 0.400000 0.400000
3530.952148 0.000000 704.614990 0.000000 0.156646 0.000000 -0.987655 0.400000 0.400000 0.400000
4065.297119 0.000000 1300.599487 0.000000 0.933000 0.000000 -0.359876 0.400000 0.400000 0.400000
4061.077881 0.000000 1303.320679 0.000000 0.940809 0.000000 -0.338936 0.400000 0.400000 0.400000
4069.994385 0.000000 1300.361084 0.000000 0.793329 0.000000 -0.608794 0.400000 0.400000 0.400000
4141.143555 0.000000 1332.142822 0.000000 0.954549 0.000000 0.298055 0.400000 0.400000 0.400000
4156.930176 0.000000 1364.495483 0.000000 0.884017 0.000000 0.467454 0.400000 0.400000 0.400000
4180.458496 0.000000 1402.718140 0.000000 0.959464 0.000000 -0.281832 0.400000 0.400000 0.400000
4159.723145 0.000000 1368.550415 0.000000 0.851153 0.000000 -0.524918 0.400000 0.400000 0.400000
4175.865234 0.000000 1405.813354 0.000000 0.995966 0.000000 -0.089729 0.400000 0.400000 0.400000
4161.837402 0.000000 1364.250244 0.000000 0.593821 0.000000 -0.804597 0.400000 0.400000 0.400000
4176.869141 0.000000 1400.988037 0.000000 0.443424 0.000000 0.896312 0.400000 0.400000 0.400000
4153.911133 0.000000 1421.181763 0.000000 0.654097 0.000000 -0.756411 0.400000 0.400000 0.400000
4154.769531 0.000000 1434.249268 0.000000 0.992721 0.000000 -0.120438 0.400000 0.400000 0.400000
4150.872070 0.000000 1428.182495 0.000000 0.989194 0.000000 0.146615 0.400000 0.400000 0.400000
4156.930176 0.000000 1428.479858 0.000000 0.966197 0.000000 0.257804 0.400000 0.400000 0.400000
4153.603027 0.000000 1425.447876 0.000000 0.885824 0.000000 -0.464021 0.400000 0.400000 0.400000
4158.159180 0.000000 1431.972046 0.000000 0.031052 0.000000 -0.999518 0.400000 0.400000 0.400000
4186.462402 0.000000 1449.461792 0.000000 0.856484 0.000000 -0.516173 0.400000 0.400000 0.400000
4159.723145 0.000000 1432.534790 0.000000 0.977712 0.000000 0.209951 0.400000 0.400000 0.400000
"}
